    300
300.253
300.512
300.783
301.071
301.382
301.721
302.091
302.495
302.937
303.418
303.937
304.495
305.091
305.721
306.382
307.071
307.783
308.512
309.253
    310
    300
300.253
300.512
300.783
301.071
301.382
301.721
302.091
302.495
302.937
303.418
303.937
304.495
305.091
305.721
306.382
307.071
307.783
308.512
309.253
    310
    300
300.253
300.512
300.783
301.071
301.382
301.721
302.091
302.495
302.937
303.418
303.937
304.495
305.091
305.721
306.382
307.071
307.783
308.512
309.253
    310
    300
300.253
300.512
300.783
301.071
301.382
301.721
302.091
302.495
302.937
303.418
303.937
304.495
305.091
305.721
306.382
307.071
307.783
308.512
309.253
    310
    300
300.253
300.512
300.783
301.071
301.382
301.721
302.091
302.495
302.937
303.418
303.937
304.495
305.091
305.721
306.382
307.071
307.783
308.512
309.253
    310
    300
300.253
300.512
300.783
301.071
301.382
301.721
302.091
302.495
302.937
303.418
303.937
304.495
305.091
305.721
306.382
307.071
307.783
308.512
309.253
    310
    300
300.253
300.512
300.783
301.071
301.382
301.721
302.091
302.495
302.937
303.418
303.937
304.495
305.091
305.721
306.382
307.071
307.783
308.512
309.253
    310
    300
300.253
300.512
300.783
301.071
301.382
301.721
302.091
302.495
302.937
303.418
303.937
304.495
305.091
305.721
306.382
307.071
307.783
308.512
309.253
    310
    300
300.253
300.512
300.783
301.071
301.382
301.721
302.091
302.495
302.937
303.418
303.937
304.495
305.091
305.721
306.382
307.071
307.783
308.512
309.253
    310
    300
300.253
300.512
300.783
301.071
301.382
301.721
302.091
302.495
302.937
303.418
303.937
304.495
305.091
305.721
306.382
307.071
307.783
308.512
309.253
    310
    300
300.253
300.512
300.783
301.071
301.382
301.721
302.091
302.495
302.937
303.418
303.937
304.495
305.091
305.721
306.382
307.071
307.783
308.512
309.253
    310
    300
300.253
300.512
300.783
301.071
301.382
301.721
302.091
302.495
302.937
303.418
303.937
304.495
305.091
305.721
306.382
307.071
307.783
308.512
309.253
    310
    300
300.253
300.512
300.783
301.071
301.382
301.721
302.091
302.495
302.937
303.418
303.937
304.495
305.091
305.721
306.382
307.071
307.783
308.512
309.253
    310
    300
300.253
300.512
300.783
301.071
301.382
301.721
302.091
302.495
302.937
303.418
303.937
304.495
305.091
305.721
306.382
307.071
307.783
308.512
309.253
    310
    300
300.253
300.512
300.783
301.071
301.382
301.721
302.091
302.495
302.937
303.418
303.937
304.495
305.091
305.721
306.382
307.071
307.783
308.512
309.253
    310
    300
300.253
300.512
300.783
301.071
301.382
301.721
302.091
302.495
302.937
303.418
303.937
304.495
305.091
305.721
306.382
307.071
307.783
308.512
309.253
    310
    300
300.253
300.512
300.783
301.071
301.382
301.721
302.091
302.495
302.937
303.418
303.937
304.495
305.091
305.721
306.382
307.071
307.783
308.512
309.253
    310
    300
300.253
300.512
300.783
301.071
301.382
301.721
302.091
302.495
302.937
303.418
303.937
304.495
305.091
305.721
306.382
307.071
307.783
308.512
309.253
    310
    300
300.253
300.512
300.783
301.071
301.382
301.721
302.091
302.495
302.937
303.418
303.937
304.495
305.091
305.721
306.382
307.071
307.783
308.512
309.253
    310
    300
300.253
300.512
300.783
301.071
301.382
301.721
302.091
302.495
302.937
303.418
303.937
304.495
305.091
305.721
306.382
307.071
307.783
308.512
309.253
    310
    300
300.253
300.512
300.783
301.071
301.382
301.721
302.091
302.495
302.937
303.418
303.937
304.495
305.091
305.721
306.382
307.071
307.783
308.512
309.253
    310