300
300
300
300
300
300
300
300
300
300
300
301
302
303
304
305
306
307
308
309
310
300
300
300
300
300
300
300
300
300
300
300
301
302
303
304
305
306
307
308
309
310
300
300
300
300
300
300
300
300
300
300
300
301
302
303
304
305
306
307
308
309
310
300
300
300
300
300
300
300
300
300
300
300
301
302
303
304
305
306
307
308
309
310
300
300
300
300
300
300
300
300
300
300
300
301
302
303
304
305
306
307
308
309
310
300
300
300
300
300
300
300
300
300
300
300
301
302
303
304
305
306
307
308
309
310
300
300
300
300
300
300
300
300
300
300
300
301
302
303
304
305
306
307
308
309
310
300
300
300
300
300
300
300
300
300
300
300
301
302
303
304
305
306
307
308
309
310
300
300
300
300
300
300
300
300
300
300
300
301
302
303
304
305
306
307
308
309
310
300
300
300
300
300
300
300
300
300
300
300
301
302
303
304
305
306
307
308
309
310
300
300
300
300
300
300
300
300
300
300
300
301
302
303
304
305
306
307
308
309
310
300
300
300
300
300
300
300
300
300
300
300
301
302
303
304
305
306
307
308
309
310
300
300
300
300
300
300
300
300
300
300
300
301
302
303
304
305
306
307
308
309
310
300
300
300
300
300
300
300
300
300
300
300
301
302
303
304
305
306
307
308
309
310
300
300
300
300
300
300
300
300
300
300
300
301
302
303
304
305
306
307
308
309
310
300
300
300
300
300
300
300
300
300
300
300
301
302
303
304
305
306
307
308
309
310
300
300
300
300
300
300
300
300
300
300
300
301
302
303
304
305
306
307
308
309
310
300
300
300
300
300
300
300
300
300
300
300
301
302
303
304
305
306
307
308
309
310
300
300
300
300
300
300
300
300
300
300
300
301
302
303
304
305
306
307
308
309
310
300
300
300
300
300
300
300
300
300
300
300
301
302
303
304
305
306
307
308
309
310
300
300
300
300
300
300
300
300
300
300
300
301
302
303
304
305
306
307
308
309
310