  300
300.5
  301
301.5
  302
302.5
  303
303.5
  304
304.5
  305
305.5
  306
306.5
  307
307.5
  308
308.5
  309
309.5
  310
  300
300.5
  301
301.5
  302
302.5
  303
303.5
  304
304.5
  305
305.5
  306
306.5
  307
307.5
  308
308.5
  309
309.5
  310
  300
300.5
  301
301.5
  302
302.5
  303
303.5
  304
304.5
  305
305.5
  306
306.5
  307
307.5
  308
308.5
  309
309.5
  310
  300
300.5
  301
301.5
  302
302.5
  303
303.5
  304
304.5
  305
305.5
  306
306.5
  307
307.5
  308
308.5
  309
309.5
  310
  300
300.5
  301
301.5
  302
302.5
  303
303.5
  304
304.5
  305
305.5
  306
306.5
  307
307.5
  308
308.5
  309
309.5
  310
  300
300.5
  301
301.5
  302
302.5
  303
303.5
  304
304.5
  305
305.5
  306
306.5
  307
307.5
  308
308.5
  309
309.5
  310
  300
300.5
  301
301.5
  302
302.5
  303
303.5
  304
304.5
  305
305.5
  306
306.5
  307
307.5
  308
308.5
  309
309.5
  310
  300
300.5
  301
301.5
  302
302.5
  303
303.5
  304
304.5
  305
305.5
  306
306.5
  307
307.5
  308
308.5
  309
309.5
  310
  300
300.5
  301
301.5
  302
302.5
  303
303.5
  304
304.5
  305
305.5
  306
306.5
  307
307.5
  308
308.5
  309
309.5
  310
  300
300.5
  301
301.5
  302
302.5
  303
303.5
  304
304.5
  305
305.5
  306
306.5
  307
307.5
  308
308.5
  309
309.5
  310
  300
300.5
  301
301.5
  302
302.5
  303
303.5
  304
304.5
  305
305.5
  306
306.5
  307
307.5
  308
308.5
  309
309.5
  310
  300
300.5
  301
301.5
  302
302.5
  303
303.5
  304
304.5
  305
305.5
  306
306.5
  307
307.5
  308
308.5
  309
309.5
  310
  300
300.5
  301
301.5
  302
302.5
  303
303.5
  304
304.5
  305
305.5
  306
306.5
  307
307.5
  308
308.5
  309
309.5
  310
  300
300.5
  301
301.5
  302
302.5
  303
303.5
  304
304.5
  305
305.5
  306
306.5
  307
307.5
  308
308.5
  309
309.5
  310
  300
300.5
  301
301.5
  302
302.5
  303
303.5
  304
304.5
  305
305.5
  306
306.5
  307
307.5
  308
308.5
  309
309.5
  310
  300
300.5
  301
301.5
  302
302.5
  303
303.5
  304
304.5
  305
305.5
  306
306.5
  307
307.5
  308
308.5
  309
309.5
  310
  300
300.5
  301
301.5
  302
302.5
  303
303.5
  304
304.5
  305
305.5
  306
306.5
  307
307.5
  308
308.5
  309
309.5
  310
  300
300.5
  301
301.5
  302
302.5
  303
303.5
  304
304.5
  305
305.5
  306
306.5
  307
307.5
  308
308.5
  309
309.5
  310
  300
300.5
  301
301.5
  302
302.5
  303
303.5
  304
304.5
  305
305.5
  306
306.5
  307
307.5
  308
308.5
  309
309.5
  310
  300
300.5
  301
301.5
  302
302.5
  303
303.5
  304
304.5
  305
305.5
  306
306.5
  307
307.5
  308
308.5
  309
309.5
  310
  300
300.5
  301
301.5
  302
302.5
  303
303.5
  304
304.5
  305
305.5
  306
306.5
  307
307.5
  308
308.5
  309
309.5
  310