    300
 300.44
300.881
301.326
301.774
302.228
302.689
303.158
303.634
 304.12
304.616
 305.12
305.634
306.158
306.689
307.228
307.774
308.326
308.881
 309.44
    310
    300
 300.44
300.881
301.326
301.774
302.228
302.689
303.158
303.634
 304.12
304.616
 305.12
305.634
306.158
306.689
307.228
307.774
308.326
308.881
 309.44
    310
    300
 300.44
300.881
301.326
301.774
302.228
302.689
303.158
303.634
 304.12
304.616
 305.12
305.634
306.158
306.689
307.228
307.774
308.326
308.881
 309.44
    310
    300
 300.44
300.881
301.326
301.774
302.228
302.689
303.158
303.634
 304.12
304.616
 305.12
305.634
306.158
306.689
307.228
307.774
308.326
308.881
 309.44
    310
    300
 300.44
300.881
301.326
301.774
302.228
302.689
303.158
303.634
 304.12
304.616
 305.12
305.634
306.158
306.689
307.228
307.774
308.326
308.881
 309.44
    310
    300
 300.44
300.881
301.326
301.774
302.228
302.689
303.158
303.634
 304.12
304.616
 305.12
305.634
306.158
306.689
307.228
307.774
308.326
308.881
 309.44
    310
    300
 300.44
300.881
301.326
301.774
302.228
302.689
303.158
303.634
 304.12
304.616
 305.12
305.634
306.158
306.689
307.228
307.774
308.326
308.881
 309.44
    310
    300
 300.44
300.881
301.326
301.774
302.228
302.689
303.158
303.634
 304.12
304.616
 305.12
305.634
306.158
306.689
307.228
307.774
308.326
308.881
 309.44
    310
    300
 300.44
300.881
301.326
301.774
302.228
302.689
303.158
303.634
 304.12
304.616
 305.12
305.634
306.158
306.689
307.228
307.774
308.326
308.881
 309.44
    310
    300
 300.44
300.881
301.326
301.774
302.228
302.689
303.158
303.634
 304.12
304.616
 305.12
305.634
306.158
306.689
307.228
307.774
308.326
308.881
 309.44
    310
    300
 300.44
300.881
301.326
301.774
302.228
302.689
303.158
303.634
 304.12
304.616
 305.12
305.634
306.158
306.689
307.228
307.774
308.326
308.881
 309.44
    310
    300
 300.44
300.881
301.326
301.774
302.228
302.689
303.158
303.634
 304.12
304.616
 305.12
305.634
306.158
306.689
307.228
307.774
308.326
308.881
 309.44
    310
    300
 300.44
300.881
301.326
301.774
302.228
302.689
303.158
303.634
 304.12
304.616
 305.12
305.634
306.158
306.689
307.228
307.774
308.326
308.881
 309.44
    310
    300
 300.44
300.881
301.326
301.774
302.228
302.689
303.158
303.634
 304.12
304.616
 305.12
305.634
306.158
306.689
307.228
307.774
308.326
308.881
 309.44
    310
    300
 300.44
300.881
301.326
301.774
302.228
302.689
303.158
303.634
 304.12
304.616
 305.12
305.634
306.158
306.689
307.228
307.774
308.326
308.881
 309.44
    310
    300
 300.44
300.881
301.326
301.774
302.228
302.689
303.158
303.634
 304.12
304.616
 305.12
305.634
306.158
306.689
307.228
307.774
308.326
308.881
 309.44
    310
    300
 300.44
300.881
301.326
301.774
302.228
302.689
303.158
303.634
 304.12
304.616
 305.12
305.634
306.158
306.689
307.228
307.774
308.326
308.881
 309.44
    310
    300
 300.44
300.881
301.326
301.774
302.228
302.689
303.158
303.634
 304.12
304.616
 305.12
305.634
306.158
306.689
307.228
307.774
308.326
308.881
 309.44
    310
    300
 300.44
300.881
301.326
301.774
302.228
302.689
303.158
303.634
 304.12
304.616
 305.12
305.634
306.158
306.689
307.228
307.774
308.326
308.881
 309.44
    310
    300
 300.44
300.881
301.326
301.774
302.228
302.689
303.158
303.634
 304.12
304.616
 305.12
305.634
306.158
306.689
307.228
307.774
308.326
308.881
 309.44
    310
    300
 300.44
300.881
301.326
301.774
302.228
302.689
303.158
303.634
 304.12
304.616
 305.12
305.634
306.158
306.689
307.228
307.774
308.326
308.881
 309.44
    310