0 1 6 5 25 26 31 30
1 2 7 6 26 27 32 31
2 3 8 7 27 28 33 32
3 4 9 8 28 29 34 33
5 6 11 10 30 31 36 35
6 7 12 11 31 32 37 36
7 8 13 12 32 33 38 37
8 9 14 13 33 34 39 38
10 11 16 15 35 36 41 40
11 12 17 16 36 37 42 41
12 13 18 17 37 38 43 42
13 14 19 18 38 39 44 43
15 16 21 20 40 41 46 45
16 17 22 21 41 42 47 46
17 18 23 22 42 43 48 47
18 19 24 23 43 44 49 48
25 26 31 30 50 51 56 55
26 27 32 31 51 52 57 56
27 28 33 32 52 53 58 57
28 29 34 33 53 54 59 58
30 31 36 35 55 56 61 60
31 32 37 36 56 57 62 61
32 33 38 37 57 58 63 62
33 34 39 38 58 59 64 63
35 36 41 40 60 61 66 65
36 37 42 41 61 62 67 66
37 38 43 42 62 63 68 67
38 39 44 43 63 64 69 68
40 41 46 45 65 66 71 70
41 42 47 46 66 67 72 71
42 43 48 47 67 68 73 72
43 44 49 48 68 69 74 73
50 51 56 55 75 76 81 80
51 52 57 56 76 77 82 81
52 53 58 57 77 78 83 82
53 54 59 58 78 79 84 83
55 56 61 60 80 81 86 85
56 57 62 61 81 82 87 86
57 58 63 62 82 83 88 87
58 59 64 63 83 84 89 88
60 61 66 65 85 86 91 90
61 62 67 66 86 87 92 91
62 63 68 67 87 88 93 92
63 64 69 68 88 89 94 93
65 66 71 70 90 91 96 95
66 67 72 71 91 92 97 96
67 68 73 72 92 93 98 97
68 69 74 73 93 94 99 98
75 76 81 80 100 101 106 105
76 77 82 81 101 102 107 106
77 78 83 82 102 103 108 107
78 79 84 83 103 104 109 108
80 81 86 85 105 106 111 110
81 82 87 86 106 107 112 111
82 83 88 87 107 108 113 112
83 84 89 88 108 109 114 113
85 86 91 90 110 111 116 115
86 87 92 91 111 112 117 116
87 88 93 92 112 113 118 117
88 89 94 93 113 114 119 118
90 91 96 95 115 116 121 120
91 92 97 96 116 117 122 121
92 93 98 97 117 118 123 122
93 94 99 98 118 119 124 123
100 101 106 105 125 126 131 130
101 102 107 106 126 127 132 131
102 103 108 107 127 128 133 132
103 104 109 108 128 129 134 133
105 106 111 110 130 131 136 135
106 107 112 111 131 132 137 136
107 108 113 112 132 133 138 137
108 109 114 113 133 134 139 138
110 111 116 115 135 136 141 140
111 112 117 116 136 137 142 141
112 113 118 117 137 138 143 142
113 114 119 118 138 139 144 143
115 116 121 120 140 141 146 145
116 117 122 121 141 142 147 146
117 118 123 122 142 143 148 147
118 119 124 123 143 144 149 148
125 126 131 130 150 151 156 155
126 127 132 131 151 152 157 156
127 128 133 132 152 153 158 157
128 129 134 133 153 154 159 158
130 131 136 135 155 156 161 160
131 132 137 136 156 157 162 161
132 133 138 137 157 158 163 162
133 134 139 138 158 159 164 163
135 136 141 140 160 161 166 165
136 137 142 141 161 162 167 166
137 138 143 142 162 163 168 167
138 139 144 143 163 164 169 168
140 141 146 145 165 166 171 170
141 142 147 146 166 167 172 171
142 143 148 147 167 168 173 172
143 144 149 148 168 169 174 173
150 151 156 155 175 176 181 180
151 152 157 156 176 177 182 181
152 153 158 157 177 178 183 182
153 154 159 158 178 179 184 183
155 156 161 160 180 181 186 185
156 157 162 161 181 182 187 186
157 158 163 162 182 183 188 187
158 159 164 163 183 184 189 188
160 161 166 165 185 186 191 190
161 162 167 166 186 187 192 191
162 163 168 167 187 188 193 192
163 164 169 168 188 189 194 193
165 166 171 170 190 191 196 195
166 167 172 171 191 192 197 196
167 168 173 172 192 193 198 197
168 169 174 173 193 194 199 198
175 176 181 180 200 201 206 205
176 177 182 181 201 202 207 206
177 178 183 182 202 203 208 207
178 179 184 183 203 204 209 208
180 181 186 185 205 206 211 210
181 182 187 186 206 207 212 211
182 183 188 187 207 208 213 212
183 184 189 188 208 209 214 213
185 186 191 190 210 211 216 215
186 187 192 191 211 212 217 216
187 188 193 192 212 213 218 217
188 189 194 193 213 214 219 218
190 191 196 195 215 216 221 220
191 192 197 196 216 217 222 221
192 193 198 197 217 218 223 222
193 194 199 198 218 219 224 223
200 201 206 205 225 226 231 230
201 202 207 206 226 227 232 231
202 203 208 207 227 228 233 232
203 204 209 208 228 229 234 233
205 206 211 210 230 231 236 235
206 207 212 211 231 232 237 236
207 208 213 212 232 233 238 237
208 209 214 213 233 234 239 238
210 211 216 215 235 236 241 240
211 212 217 216 236 237 242 241
212 213 218 217 237 238 243 242
213 214 219 218 238 239 244 243
215 216 221 220 240 241 246 245
216 217 222 221 241 242 247 246
217 218 223 222 242 243 248 247
218 219 224 223 243 244 249 248
225 226 231 230 250 251 256 255
226 227 232 231 251 252 257 256
227 228 233 232 252 253 258 257
228 229 234 233 253 254 259 258
230 231 236 235 255 256 261 260
231 232 237 236 256 257 262 261
232 233 238 237 257 258 263 262
233 234 239 238 258 259 264 263
235 236 241 240 260 261 266 265
236 237 242 241 261 262 267 266
237 238 243 242 262 263 268 267
238 239 244 243 263 264 269 268
240 241 246 245 265 266 271 270
241 242 247 246 266 267 272 271
242 243 248 247 267 268 273 272
243 244 249 248 268 269 274 273
250 251 256 255 275 276 281 280
251 252 257 256 276 277 282 281
252 253 258 257 277 278 283 282
253 254 259 258 278 279 284 283
255 256 261 260 280 281 286 285
256 257 262 261 281 282 287 286
257 258 263 262 282 283 288 287
258 259 264 263 283 284 289 288
260 261 266 265 285 286 291 290
261 262 267 266 286 287 292 291
262 263 268 267 287 288 293 292
263 264 269 268 288 289 294 293
265 266 271 270 290 291 296 295
266 267 272 271 291 292 297 296
267 268 273 272 292 293 298 297
268 269 274 273 293 294 299 298
275 276 281 280 300 301 306 305
276 277 282 281 301 302 307 306
277 278 283 282 302 303 308 307
278 279 284 283 303 304 309 308
280 281 286 285 305 306 311 310
281 282 287 286 306 307 312 311
282 283 288 287 307 308 313 312
283 284 289 288 308 309 314 313
285 286 291 290 310 311 316 315
286 287 292 291 311 312 317 316
287 288 293 292 312 313 318 317
288 289 294 293 313 314 319 318
290 291 296 295 315 316 321 320
291 292 297 296 316 317 322 321
292 293 298 297 317 318 323 322
293 294 299 298 318 319 324 323
300 301 306 305 325 326 331 330
301 302 307 306 326 327 332 331
302 303 308 307 327 328 333 332
303 304 309 308 328 329 334 333
305 306 311 310 330 331 336 335
306 307 312 311 331 332 337 336
307 308 313 312 332 333 338 337
308 309 314 313 333 334 339 338
310 311 316 315 335 336 341 340
311 312 317 316 336 337 342 341
312 313 318 317 337 338 343 342
313 314 319 318 338 339 344 343
315 316 321 320 340 341 346 345
316 317 322 321 341 342 347 346
317 318 323 322 342 343 348 347
318 319 324 323 343 344 349 348
325 326 331 330 350 351 356 355
326 327 332 331 351 352 357 356
327 328 333 332 352 353 358 357
328 329 334 333 353 354 359 358
330 331 336 335 355 356 361 360
331 332 337 336 356 357 362 361
332 333 338 337 357 358 363 362
333 334 339 338 358 359 364 363
335 336 341 340 360 361 366 365
336 337 342 341 361 362 367 366
337 338 343 342 362 363 368 367
338 339 344 343 363 364 369 368
340 341 346 345 365 366 371 370
341 342 347 346 366 367 372 371
342 343 348 347 367 368 373 372
343 344 349 348 368 369 374 373
350 351 356 355 375 376 381 380
351 352 357 356 376 377 382 381
352 353 358 357 377 378 383 382
353 354 359 358 378 379 384 383
355 356 361 360 380 381 386 385
356 357 362 361 381 382 387 386
357 358 363 362 382 383 388 387
358 359 364 363 383 384 389 388
360 361 366 365 385 386 391 390
361 362 367 366 386 387 392 391
362 363 368 367 387 388 393 392
363 364 369 368 388 389 394 393
365 366 371 370 390 391 396 395
366 367 372 371 391 392 397 396
367 368 373 372 392 393 398 397
368 369 374 373 393 394 399 398
375 376 381 380 400 401 406 405
376 377 382 381 401 402 407 406
377 378 383 382 402 403 408 407
378 379 384 383 403 404 409 408
380 381 386 385 405 406 411 410
381 382 387 386 406 407 412 411
382 383 388 387 407 408 413 412
383 384 389 388 408 409 414 413
385 386 391 390 410 411 416 415
386 387 392 391 411 412 417 416
387 388 393 392 412 413 418 417
388 389 394 393 413 414 419 418
390 391 396 395 415 416 421 420
391 392 397 396 416 417 422 421
392 393 398 397 417 418 423 422
393 394 399 398 418 419 424 423
400 401 406 405 425 426 431 430
401 402 407 406 426 427 432 431
402 403 408 407 427 428 433 432
403 404 409 408 428 429 434 433
405 406 411 410 430 431 436 435
406 407 412 411 431 432 437 436
407 408 413 412 432 433 438 437
408 409 414 413 433 434 439 438
410 411 416 415 435 436 441 440
411 412 417 416 436 437 442 441
412 413 418 417 437 438 443 442
413 414 419 418 438 439 444 443
415 416 421 420 440 441 446 445
416 417 422 421 441 442 447 446
417 418 423 422 442 443 448 447
418 419 424 423 443 444 449 448
425 426 431 430 450 451 456 455
426 427 432 431 451 452 457 456
427 428 433 432 452 453 458 457
428 429 434 433 453 454 459 458
430 431 436 435 455 456 461 460
431 432 437 436 456 457 462 461
432 433 438 437 457 458 463 462
433 434 439 438 458 459 464 463
435 436 441 440 460 461 466 465
436 437 442 441 461 462 467 466
437 438 443 442 462 463 468 467
438 439 444 443 463 464 469 468
440 441 446 445 465 466 471 470
441 442 447 446 466 467 472 471
442 443 448 447 467 468 473 472
443 444 449 448 468 469 474 473
450 451 456 455 475 476 481 480
451 452 457 456 476 477 482 481
452 453 458 457 477 478 483 482
453 454 459 458 478 479 484 483
455 456 461 460 480 481 486 485
456 457 462 461 481 482 487 486
457 458 463 462 482 483 488 487
458 459 464 463 483 484 489 488
460 461 466 465 485 486 491 490
461 462 467 466 486 487 492 491
462 463 468 467 487 488 493 492
463 464 469 468 488 489 494 493
465 466 471 470 490 491 496 495
466 467 472 471 491 492 497 496
467 468 473 472 492 493 498 497
468 469 474 473 493 494 499 498
475 476 481 480 500 501 506 505
476 477 482 481 501 502 507 506
477 478 483 482 502 503 508 507
478 479 484 483 503 504 509 508
480 481 486 485 505 506 511 510
481 482 487 486 506 507 512 511
482 483 488 487 507 508 513 512
483 484 489 488 508 509 514 513
485 486 491 490 510 511 516 515
486 487 492 491 511 512 517 516
487 488 493 492 512 513 518 517
488 489 494 493 513 514 519 518
490 491 496 495 515 516 521 520
491 492 497 496 516 517 522 521
492 493 498 497 517 518 523 522
493 494 499 498 518 519 524 523
500 501 506 505 525 526 531 530
501 502 507 506 526 527 532 531
502 503 508 507 527 528 533 532
503 504 509 508 528 529 534 533
505 506 511 510 530 531 536 535
506 507 512 511 531 532 537 536
507 508 513 512 532 533 538 537
508 509 514 513 533 534 539 538
510 511 516 515 535 536 541 540
511 512 517 516 536 537 542 541
512 513 518 517 537 538 543 542
513 514 519 518 538 539 544 543
515 516 521 520 540 541 546 545
516 517 522 521 541 542 547 546
517 518 523 522 542 543 548 547
518 519 524 523 543 544 549 548
525 526 531 530 550 551 556 555
526 527 532 531 551 552 557 556
527 528 533 532 552 553 558 557
528 529 534 533 553 554 559 558
530 531 536 535 555 556 561 560
531 532 537 536 556 557 562 561
532 533 538 537 557 558 563 562
533 534 539 538 558 559 564 563
535 536 541 540 560 561 566 565
536 537 542 541 561 562 567 566
537 538 543 542 562 563 568 567
538 539 544 543 563 564 569 568
540 541 546 545 565 566 571 570
541 542 547 546 566 567 572 571
542 543 548 547 567 568 573 572
543 544 549 548 568 569 574 573
550 551 556 555 575 576 581 580
551 552 557 556 576 577 582 581
552 553 558 557 577 578 583 582
553 554 559 558 578 579 584 583
555 556 561 560 580 581 586 585
556 557 562 561 581 582 587 586
557 558 563 562 582 583 588 587
558 559 564 563 583 584 589 588
560 561 566 565 585 586 591 590
561 562 567 566 586 587 592 591
562 563 568 567 587 588 593 592
563 564 569 568 588 589 594 593
565 566 571 570 590 591 596 595
566 567 572 571 591 592 597 596
567 568 573 572 592 593 598 597
568 569 574 573 593 594 599 598
575 576 581 580 600 601 606 605
576 577 582 581 601 602 607 606
577 578 583 582 602 603 608 607
578 579 584 583 603 604 609 608
580 581 586 585 605 606 611 610
581 582 587 586 606 607 612 611
582 583 588 587 607 608 613 612
583 584 589 588 608 609 614 613
585 586 591 590 610 611 616 615
586 587 592 591 611 612 617 616
587 588 593 592 612 613 618 617
588 589 594 593 613 614 619 618
590 591 596 595 615 616 621 620
591 592 597 596 616 617 622 621
592 593 598 597 617 618 623 622
593 594 599 598 618 619 624 623
600 601 606 605 625 626 631 630
601 602 607 606 626 627 632 631
602 603 608 607 627 628 633 632
603 604 609 608 628 629 634 633
605 606 611 610 630 631 636 635
606 607 612 611 631 632 637 636
607 608 613 612 632 633 638 637
608 609 614 613 633 634 639 638
610 611 616 615 635 636 641 640
611 612 617 616 636 637 642 641
612 613 618 617 637 638 643 642
613 614 619 618 638 639 644 643
615 616 621 620 640 641 646 645
616 617 622 621 641 642 647 646
617 618 623 622 642 643 648 647
618 619 624 623 643 644 649 648
625 626 631 630 650 651 656 655
626 627 632 631 651 652 657 656
627 628 633 632 652 653 658 657
628 629 634 633 653 654 659 658
630 631 636 635 655 656 661 660
631 632 637 636 656 657 662 661
632 633 638 637 657 658 663 662
633 634 639 638 658 659 664 663
635 636 641 640 660 661 666 665
636 637 642 641 661 662 667 666
637 638 643 642 662 663 668 667
638 639 644 643 663 664 669 668
640 641 646 645 665 666 671 670
641 642 647 646 666 667 672 671
642 643 648 647 667 668 673 672
643 644 649 648 668 669 674 673
650 651 656 655 675 676 681 680
651 652 657 656 676 677 682 681
652 653 658 657 677 678 683 682
653 654 659 658 678 679 684 683
655 656 661 660 680 681 686 685
656 657 662 661 681 682 687 686
657 658 663 662 682 683 688 687
658 659 664 663 683 684 689 688
660 661 666 665 685 686 691 690
661 662 667 666 686 687 692 691
662 663 668 667 687 688 693 692
663 664 669 668 688 689 694 693
665 666 671 670 690 691 696 695
666 667 672 671 691 692 697 696
667 668 673 672 692 693 698 697
668 669 674 673 693 694 699 698
675 676 681 680 700 701 706 705
676 677 682 681 701 702 707 706
677 678 683 682 702 703 708 707
678 679 684 683 703 704 709 708
680 681 686 685 705 706 711 710
681 682 687 686 706 707 712 711
682 683 688 687 707 708 713 712
683 684 689 688 708 709 714 713
685 686 691 690 710 711 716 715
686 687 692 691 711 712 717 716
687 688 693 692 712 713 718 717
688 689 694 693 713 714 719 718
690 691 696 695 715 716 721 720
691 692 697 696 716 717 722 721
692 693 698 697 717 718 723 722
693 694 699 698 718 719 724 723
700 701 706 705 725 726 731 730
701 702 707 706 726 727 732 731
702 703 708 707 727 728 733 732
703 704 709 708 728 729 734 733
705 706 711 710 730 731 736 735
706 707 712 711 731 732 737 736
707 708 713 712 732 733 738 737
708 709 714 713 733 734 739 738
710 711 716 715 735 736 741 740
711 712 717 716 736 737 742 741
712 713 718 717 737 738 743 742
713 714 719 718 738 739 744 743
715 716 721 720 740 741 746 745
716 717 722 721 741 742 747 746
717 718 723 722 742 743 748 747
718 719 724 723 743 744 749 748
725 726 731 730 750 751 756 755
726 727 732 731 751 752 757 756
727 728 733 732 752 753 758 757
728 729 734 733 753 754 759 758
730 731 736 735 755 756 761 760
731 732 737 736 756 757 762 761
732 733 738 737 757 758 763 762
733 734 739 738 758 759 764 763
735 736 741 740 760 761 766 765
736 737 742 741 761 762 767 766
737 738 743 742 762 763 768 767
738 739 744 743 763 764 769 768
740 741 746 745 765 766 771 770
741 742 747 746 766 767 772 771
742 743 748 747 767 768 773 772
743 744 749 748 768 769 774 773
750 751 756 755 775 776 781 780
751 752 757 756 776 777 782 781
752 753 758 757 777 778 783 782
753 754 759 758 778 779 784 783
755 756 761 760 780 781 786 785
756 757 762 761 781 782 787 786
757 758 763 762 782 783 788 787
758 759 764 763 783 784 789 788
760 761 766 765 785 786 791 790
761 762 767 766 786 787 792 791
762 763 768 767 787 788 793 792
763 764 769 768 788 789 794 793
765 766 771 770 790 791 796 795
766 767 772 771 791 792 797 796
767 768 773 772 792 793 798 797
768 769 774 773 793 794 799 798
775 776 781 780 800 801 806 805
776 777 782 781 801 802 807 806
777 778 783 782 802 803 808 807
778 779 784 783 803 804 809 808
780 781 786 785 805 806 811 810
781 782 787 786 806 807 812 811
782 783 788 787 807 808 813 812
783 784 789 788 808 809 814 813
785 786 791 790 810 811 816 815
786 787 792 791 811 812 817 816
787 788 793 792 812 813 818 817
788 789 794 793 813 814 819 818
790 791 796 795 815 816 821 820
791 792 797 796 816 817 822 821
792 793 798 797 817 818 823 822
793 794 799 798 818 819 824 823
800 801 806 805 825 826 831 830
801 802 807 806 826 827 832 831
802 803 808 807 827 828 833 832
803 804 809 808 828 829 834 833
805 806 811 810 830 831 836 835
806 807 812 811 831 832 837 836
807 808 813 812 832 833 838 837
808 809 814 813 833 834 839 838
810 811 816 815 835 836 841 840
811 812 817 816 836 837 842 841
812 813 818 817 837 838 843 842
813 814 819 818 838 839 844 843
815 816 821 820 840 841 846 845
816 817 822 821 841 842 847 846
817 818 823 822 842 843 848 847
818 819 824 823 843 844 849 848
825 826 831 830 850 851 856 855
826 827 832 831 851 852 857 856
827 828 833 832 852 853 858 857
828 829 834 833 853 854 859 858
830 831 836 835 855 856 861 860
831 832 837 836 856 857 862 861
832 833 838 837 857 858 863 862
833 834 839 838 858 859 864 863
835 836 841 840 860 861 866 865
836 837 842 841 861 862 867 866
837 838 843 842 862 863 868 867
838 839 844 843 863 864 869 868
840 841 846 845 865 866 871 870
841 842 847 846 866 867 872 871
842 843 848 847 867 868 873 872
843 844 849 848 868 869 874 873
850 851 856 855 875 876 881 880
851 852 857 856 876 877 882 881
852 853 858 857 877 878 883 882
853 854 859 858 878 879 884 883
855 856 861 860 880 881 886 885
856 857 862 861 881 882 887 886
857 858 863 862 882 883 888 887
858 859 864 863 883 884 889 888
860 861 866 865 885 886 891 890
861 862 867 866 886 887 892 891
862 863 868 867 887 888 893 892
863 864 869 868 888 889 894 893
865 866 871 870 890 891 896 895
866 867 872 871 891 892 897 896
867 868 873 872 892 893 898 897
868 869 874 873 893 894 899 898
875 876 881 880 900 901 906 905
876 877 882 881 901 902 907 906
877 878 883 882 902 903 908 907
878 879 884 883 903 904 909 908
880 881 886 885 905 906 911 910
881 882 887 886 906 907 912 911
882 883 888 887 907 908 913 912
883 884 889 888 908 909 914 913
885 886 891 890 910 911 916 915
886 887 892 891 911 912 917 916
887 888 893 892 912 913 918 917
888 889 894 893 913 914 919 918
890 891 896 895 915 916 921 920
891 892 897 896 916 917 922 921
892 893 898 897 917 918 923 922
893 894 899 898 918 919 924 923
900 901 906 905 925 926 931 930
901 902 907 906 926 927 932 931
902 903 908 907 927 928 933 932
903 904 909 908 928 929 934 933
905 906 911 910 930 931 936 935
906 907 912 911 931 932 937 936
907 908 913 912 932 933 938 937
908 909 914 913 933 934 939 938
910 911 916 915 935 936 941 940
911 912 917 916 936 937 942 941
912 913 918 917 937 938 943 942
913 914 919 918 938 939 944 943
915 916 921 920 940 941 946 945
916 917 922 921 941 942 947 946
917 918 923 922 942 943 948 947
918 919 924 923 943 944 949 948
925 926 931 930 950 951 956 955
926 927 932 931 951 952 957 956
927 928 933 932 952 953 958 957
928 929 934 933 953 954 959 958
930 931 936 935 955 956 961 960
931 932 937 936 956 957 962 961
932 933 938 937 957 958 963 962
933 934 939 938 958 959 964 963
935 936 941 940 960 961 966 965
936 937 942 941 961 962 967 966
937 938 943 942 962 963 968 967
938 939 944 943 963 964 969 968
940 941 946 945 965 966 971 970
941 942 947 946 966 967 972 971
942 943 948 947 967 968 973 972
943 944 949 948 968 969 974 973
950 951 956 955 975 976 981 980
951 952 957 956 976 977 982 981
952 953 958 957 977 978 983 982
953 954 959 958 978 979 984 983
955 956 961 960 980 981 986 985
956 957 962 961 981 982 987 986
957 958 963 962 982 983 988 987
958 959 964 963 983 984 989 988
960 961 966 965 985 986 991 990
961 962 967 966 986 987 992 991
962 963 968 967 987 988 993 992
963 964 969 968 988 989 994 993
965 966 971 970 990 991 996 995
966 967 972 971 991 992 997 996
967 968 973 972 992 993 998 997
968 969 974 973 993 994 999 998
975 976 981 980 1000 1001 1006 1005
976 977 982 981 1001 1002 1007 1006
977 978 983 982 1002 1003 1008 1007
978 979 984 983 1003 1004 1009 1008
980 981 986 985 1005 1006 1011 1010
981 982 987 986 1006 1007 1012 1011
982 983 988 987 1007 1008 1013 1012
983 984 989 988 1008 1009 1014 1013
985 986 991 990 1010 1011 1016 1015
986 987 992 991 1011 1012 1017 1016
987 988 993 992 1012 1013 1018 1017
988 989 994 993 1013 1014 1019 1018
990 991 996 995 1015 1016 1021 1020
991 992 997 996 1016 1017 1022 1021
992 993 998 997 1017 1018 1023 1022
993 994 999 998 1018 1019 1024 1023
