0 0 0
0 0 0
0 0 0
0 0 0
0 0 0
0 0 0
0 0 0
0 0 0
0 0 0
0 0 0
0 0 0
0 0 0
0 0 0
0 0 0
0 0 0
0 0 0
0 0 0
0 0 0
0 0 0
0 0 0
0 0 0
0 0 0
0 0 0
0 0 0
0 0 0
6.24823e-10 0.00124999 5.23272e-10
5.14774e-10 0.00124999 4.92491e-10
4.62599e-10 0.00124999 5.20231e-10
4.64752e-10 0.00124999 4.14519e-10
3.88809e-10 0.00124999 5.00902e-10
6.08168e-10 0.00124999 5.00148e-10
5.30298e-10 0.00124999 4.62961e-10
4.78988e-10 0.00124999 4.84761e-10
4.42014e-10 0.00124999 4.76575e-10
3.64366e-10 0.00124999 5.05679e-10
6.03706e-10 0.00124999 4.69299e-10
5.28871e-10 0.00124999 4.75666e-10
4.77485e-10 0.00124999 4.70777e-10
4.36216e-10 0.00124999 4.90729e-10
3.5493e-10 0.00124999 4.66904e-10
6.8485e-10 0.00124999 4.72028e-10
5.08408e-10 0.00124999 4.58385e-10
4.88399e-10 0.00124999 4.62331e-10
4.29124e-10 0.00124999 4.64524e-10
3.48336e-10 0.00124999 4.5493e-10
7.06649e-10 0.00124999 4.90079e-10
5.16667e-10 0.00124999 4.77961e-10
4.87558e-10 0.00124999 4.85443e-10
4.1185e-10 0.00124999 4.62023e-10
3.56522e-10 0.00124999 4.59352e-10
1.08486e-09 0.00249997 1.08192e-09
1.01136e-09 0.00249997 1.00408e-09
9.8953e-10 0.00249997 1.06138e-09
8.8221e-10 0.00249997 1.03329e-09
8.21029e-10 0.00249997 1.00226e-09
1.06957e-09 0.00249997 9.92713e-10
1.03547e-09 0.00249997 1.00226e-09
9.76337e-10 0.00249997 1.02936e-09
8.61779e-10 0.00249997 1.01697e-09
8.40373e-10 0.00249997 1.02667e-09
1.12868e-09 0.00249997 9.27685e-10
1.02864e-09 0.00249997 9.66338e-10
9.5956e-10 0.00249997 9.42237e-10
9.24956e-10 0.00249997 9.7333e-10
8.10815e-10 0.00249997 9.79185e-10
1.14414e-09 0.00249997 8.99793e-10
1.03137e-09 0.00249997 9.1294e-10
9.79298e-10 0.00249997 8.94943e-10
8.76753e-10 0.00249997 9.49115e-10
8.26828e-10 0.00249997 9.36694e-10
1.2169e-09 0.00249997 9.55879e-10
1.09901e-09 0.00249997 9.08585e-10
9.8027e-10 0.00249997 9.12621e-10
9.02219e-10 0.00249997 9.58465e-10
7.79308e-10 0.00249997 9.90553e-10
1.62612e-09 0.00374996 1.5367e-09
1.5455e-09 0.00374996 1.62891e-09
1.32775e-09 0.00374996 1.58741e-09
1.33878e-09 0.00374996 1.61594e-09
1.305e-09 0.00374996 1.6224e-09
1.58617e-09 0.00374996 1.48976e-09
1.49521e-09 0.00374996 1.5425e-09
1.45519e-09 0.00374996 1.50722e-09
1.31149e-09 0.00374996 1.57161e-09
1.16542e-09 0.00374996 1.48793e-09
1.525e-09 0.00374996 1.44762e-09
1.50612e-09 0.00374996 1.43622e-09
1.40972e-09 0.00374996 1.55751e-09
1.38152e-09 0.00374996 1.44655e-09
1.32422e-09 0.00374996 1.48097e-09
1.71894e-09 0.00374996 1.3988e-09
1.53159e-09 0.00374996 1.43609e-09
1.44382e-09 0.00374996 1.38243e-09
1.39821e-09 0.00374996 1.39699e-09
1.38789e-09 0.00374996 1.39698e-09
1.73532e-09 0.00374996 1.64437e-09
1.53159e-09 0.00374996 1.38607e-09
1.47466e-09 0.00374996 1.5155e-09
1.39653e-09 0.00374996 1.30967e-09
1.45519e-09 0.00374996 1.46668e-09
2.08004e-09 0.00499995 2.17551e-09
1.93201e-09 0.00499995 2.00271e-09
1.69928e-09 0.00499995 2.06308e-09
1.85929e-09 0.00499995 2.08095e-09
2.03334e-09 0.00499995 2.11868e-09
2.01112e-09 0.00499995 1.90494e-09
1.89902e-09 0.00499995 1.98906e-09
1.89448e-09 0.00499995 1.97906e-09
1.76806e-09 0.00499995 1.96451e-09
1.73532e-09 0.00499995 2.13094e-09
2.05455e-09 0.00499995 2.03892e-09
1.93006e-09 0.00499995 1.88447e-09
1.9636e-09 0.00499995 2.00998e-09
1.85355e-09 0.00499995 1.94309e-09
1.92813e-09 0.00499995 1.93063e-09
2.12355e-09 0.00499995 2.04091e-09
2.02272e-09 0.00499995 1.86756e-09
1.89902e-09 0.00499995 1.91358e-09
1.85819e-09 0.00499995 1.92035e-09
2.00816e-09 0.00499995 1.97759e-09
2.06637e-09 0.00499995 1.93512e-09
2.1264e-09 0.00499995 2.09547e-09
1.97633e-09 0.00499995 1.78035e-09
1.85328e-09 0.00499995 1.94268e-09
1.9304e-09 0.00499994 2.00635e-09
2.64845e-09 0.00624993 2.60752e-09
2.1394e-09 0.00624993 2.43624e-09
2.41497e-09 0.00624993 2.31125e-09
2.53931e-09 0.00624993 2.33909e-09
2.47019e-09 0.00624993 2.70484e-09
2.38636e-09 0.00624993 2.3679e-09
2.43745e-09 0.00624993 2.45412e-09
2.43522e-09 0.00624993 2.42649e-09
2.31375e-09 0.00624993 2.47383e-09
2.38636e-09 0.00624993 2.51021e-09
2.43926e-09 0.00624993 2.43584e-09
2.35377e-09 0.00624993 2.45882e-09
2.37105e-09 0.00624993 2.42403e-09
2.32467e-09 0.00624993 2.47752e-09
2.22644e-09 0.00624993 2.43722e-09
2.56114e-09 0.00624993 2.37563e-09
2.54113e-09 0.00624993 2.50236e-09
2.43435e-09 0.00624993 2.50908e-09
2.31375e-09 0.00624993 2.5293e-09
2.32831e-09 0.00624993 2.58427e-09
2.78076e-09 0.00624993 2.6667e-09
2.63663e-09 0.00624993 2.45245e-09
2.34286e-09 0.00624993 2.50386e-09
2.15722e-09 0.00624993 2.65403e-09
2.41421e-09 0.00624993 2.80707e-09
2.6898e-09 0.00749992 3.01844e-09
2.69858e-09 0.00749992 2.73576e-09
3.02316e-09 0.00749992 3.06244e-09
3.00315e-09 0.00749992 2.92462e-09
3.0268e-09 0.00749992 3.3139e-09
2.78578e-09 0.00749992 3.02535e-09
2.8208e-09 0.00749992 2.93858e-09
2.92808e-09 0.00749992 2.8771e-09
2.91038e-09 0.00749992 2.95427e-09
2.8532e-09 0.00749992 2.96532e-09
2.80474e-09 0.00749992 3.05931e-09
2.94676e-09 0.00749992 3.01998e-09
2.91305e-09 0.00749992 2.94676e-09
2.91038e-09 0.00749992 3.01452e-09
2.77043e-09 0.00749992 3.08552e-09
3.04681e-09 0.00749992 3.1521e-09
2.96859e-09 0.00749992 3.07955e-09
2.88583e-09 0.00749992 3.07045e-09
2.72121e-09 0.00749992 3.06501e-09
2.76548e-09 0.00749992 3.29069e-09
3.00929e-09 0.00749992 3.31784e-09
3.02924e-09 0.00749992 3.0259e-09
3.01952e-09 0.00749992 3.19051e-09
2.64481e-09 0.00749992 3.23052e-09
3.19369e-09 0.00749992 3.36393e-09
3.37036e-09 0.00874991 3.46336e-09
3.07181e-09 0.00874991 3.60296e-09
3.55067e-09 0.00874991 3.21799e-09
3.60888e-09 0.00874991 3.5859e-09
2.99406e-09 0.0087499 3.63477e-09
3.5152e-09 0.00874991 3.59445e-09
3.33807e-09 0.00874991 3.56696e-09
3.40515e-09 0.00874991 3.43425e-09
3.35422e-09 0.00874991 3.35058e-09
3.15892e-09 0.0087499 3.55612e-09
3.48314e-09 0.00874991 3.74567e-09
3.2669e-09 0.0087499 3.50701e-09
3.40515e-09 0.00874991 3.6423e-09
3.32511e-09 0.00874991 3.46336e-09
3.38696e-09 0.0087499 3.6386e-09
3.37584e-09 0.0087499 3.62169e-09
3.63798e-09 0.00874991 3.59433e-09
3.3906e-09 0.0087499 3.43653e-09
3.17232e-09 0.0087499 3.71077e-09
3.32511e-09 0.0087499 3.76481e-09
3.40515e-09 0.0087499 3.97631e-09
3.68163e-09 0.0087499 3.71642e-09
3.40931e-09 0.0087499 3.43425e-09
3.23416e-09 0.0087499 3.80785e-09
2.73142e-09 0.0087499 3.82667e-09
4.1647e-09 0.00999989 4.30737e-09
3.79077e-09 0.00999989 3.97358e-09
3.90173e-09 0.00999989 4.16276e-09
3.93629e-09 0.00999989 3.86081e-09
4.04293e-09 0.00999989 3.81078e-09
4.08908e-09 0.00999989 4.15891e-09
3.85618e-09 0.00999989 4.18131e-09
3.89991e-09 0.00999989 4.08227e-09
3.61517e-09 0.00999989 4.03853e-09
4.26735e-09 0.00999989 4.01815e-09
3.65273e-09 0.00999989 4.31737e-09
4.05043e-09 0.00999989 4.14685e-09
3.93447e-09 0.00999989 3.91794e-09
3.62232e-09 0.00999989 4.05998e-09
3.87676e-09 0.00999989 4.17401e-09
4.1539e-09 0.00999989 4.33775e-09
3.81239e-09 0.00999989 4.15263e-09
3.81169e-09 0.00999989 4.1007e-09
3.7835e-09 0.00999989 4.16148e-09
3.09228e-09 0.00999989 4.29005e-09
4.03816e-09 0.00999989 4.27568e-09
3.9291e-09 0.00999989 4.44174e-09
4.087e-09 0.00999989 4.0709e-09
3.62525e-09 0.00999989 4.34102e-09
3.65981e-09 0.00999989 4.30737e-09
4.25644e-09 0.0112499 4.6698e-09
4.3583e-09 0.0112499 4.79486e-09
4.10455e-09 0.0112499 4.11933e-09
4.01659e-09 0.0112499 4.3083e-09
4.73256e-09 0.0112499 4.32732e-09
4.3703e-09 0.0112499 4.85315e-09
4.37809e-09 0.0112499 4.57642e-09
4.39468e-09 0.0112499 4.39059e-09
4.2337e-09 0.0112499 4.37524e-09
4.48199e-09 0.0112499 4.38611e-09
4.34375e-09 0.0112499 4.88944e-09
4.11819e-09 0.0112499 4.72937e-09
4.33647e-09 0.0112499 4.49883e-09
4.12547e-09 0.0112499 4.61478e-09
3.87081e-09 0.0112499 4.59511e-09
4.51837e-09 0.0112499 4.75842e-09
4.38013e-09 0.0112499 4.64934e-09
4.37467e-09 0.0112499 4.52672e-09
4.22733e-09 0.0112499 4.86875e-09
4.08181e-09 0.0112499 4.6956e-09
4.55298e-09 0.0112499 4.71709e-09
4.5402e-09 0.0112499 4.56929e-09
4.34829e-09 0.0112499 4.9984e-09
4.17376e-09 0.0112499 4.80406e-09
4.46577e-09 0.0112499 4.78418e-09
4.4099e-09 0.0124999 5.10886e-09
4.28463e-09 0.0124999 5.28717e-09
4.77302e-09 0.0124999 5.03132e-09
5.31873e-09 0.0124999 5.10585e-09
5.28302e-09 0.0124999 5.10363e-09
4.61569e-09 0.0124999 5.30781e-09
4.52701e-09 0.0124999 4.9622e-09
4.65661e-09 0.0124999 4.98858e-09
4.57658e-09 0.0124999 4.86807e-09
5.27242e-09 0.0124999 5.03496e-09
4.51109e-09 0.0124999 5.14274e-09
4.76939e-09 0.0124999 5.01859e-09
4.62751e-09 0.0124999 5.02041e-09
4.7196e-09 0.0124999 5.0677e-09
4.93765e-09 0.0124999 5.02041e-09
5.03496e-09 0.0124999 5.13523e-09
4.72573e-09 0.0124999 5.03223e-09
4.78758e-09 0.0124999 5.07134e-09
4.56203e-09 0.0124999 5.0386e-09
4.84981e-09 0.0124999 5.25324e-09
5.13819e-09 0.0124999 5.44605e-09
5.00768e-09 0.0124999 4.95474e-09
4.80248e-09 0.0124999 4.9331e-09
4.06956e-09 0.0124999 5.07449e-09
4.88944e-09 0.0124999 5.53928e-09
5.25701e-09 0.0137498 5.16256e-09
4.59841e-09 0.0137498 5.58196e-09
5.22596e-09 0.0137498 5.50349e-09
5.37875e-09 0.0137498 5.63312e-09
5.40204e-09 0.0137498 5.58676e-09
4.88944e-09 0.0137498 5.55883e-09
5.05158e-09 0.0137498 5.65244e-09
5.09317e-09 0.0137498 5.52023e-09
5.24778e-09 0.0137498 5.55235e-09
5.7189e-09 0.0137498 5.73528e-09
5.00586e-09 0.0137498 5.65984e-09
5.12227e-09 0.0137498 5.55088e-09
4.94765e-09 0.0137498 5.60817e-09
5.07862e-09 0.0137498 5.42786e-09
5.1914e-09 0.0137498 5.7189e-09
5.13683e-09 0.0137498 5.69219e-09
5.12591e-09 0.0137498 5.6947e-09
5.06589e-09 0.0137498 5.50062e-09
5.00222e-09 0.0137498 5.59045e-09
5.04951e-09 0.0137498 5.70819e-09
6.1209e-09 0.0137498 6.0536e-09
5.12227e-09 0.0137498 5.87289e-09
5.09317e-09 0.0137498 5.23812e-09
5.11136e-09 0.0137498 5.51216e-09
4.29715e-09 0.0137498 6.0943e-09
5.18048e-09 0.0149998 6.02574e-09
5.60976e-09 0.0149998 5.92943e-09
5.51518e-09 0.0149998 6.11544e-09
5.47152e-09 0.0149998 5.949e-09
6.28643e-09 0.0149998 6.4847e-09
5.48695e-09 0.0149998 6.21021e-09
5.53246e-09 0.0149998 6.10089e-09
5.60453e-09 0.0149998 6.06139e-09
5.55883e-09 0.0149998 6.12636e-09
5.47152e-09 0.0149998 6.23913e-09
5.46424e-09 0.0149998 6.14006e-09
5.53655e-09 0.0149998 6.40592e-09
5.61522e-09 0.0149998 6.03886e-09
5.36738e-09 0.0149998 6.18323e-09
5.85896e-09 0.0149998 6.21013e-09
5.82804e-09 0.0149998 6.13599e-09
5.38421e-09 0.0149998 6.14569e-09
5.48877e-09 0.0149998 6.15546e-09
5.58794e-09 0.0149998 5.93332e-09
4.91855e-09 0.0149998 6.11178e-09
5.86442e-09 0.0149998 6.58218e-09
5.21511e-09 0.0149998 6.12408e-09
5.61704e-09 0.0149998 5.75518e-09
4.90763e-09 0.0149998 6.17001e-09
4.88944e-09 0.0149998 6.48649e-09
5.81349e-09 0.0162498 6.97582e-09
6.13731e-09 0.0162498 6.29193e-09
6.02813e-09 0.0162498 6.57846e-09
6.2646e-09 0.0162498 6.46117e-09
5.88261e-09 0.0162498 6.24209e-09
6.1385e-09 0.0162498 6.76001e-09
5.75528e-09 0.0162498 6.50425e-09
5.87897e-09 0.0162498 6.24652e-09
6.0654e-09 0.0162498 6.39245e-09
5.59594e-09 0.0162498 6.78118e-09
6.17729e-09 0.0162498 6.60646e-09
5.90075e-09 0.0162498 6.60513e-09
5.82077e-09 0.0162498 6.59533e-09
5.97606e-09 0.0162498 6.49582e-09
5.93674e-09 0.0162498 6.62112e-09
5.30861e-09 0.0162498 6.65757e-09
5.87352e-09 0.0162498 6.61027e-09
6.11544e-09 0.0162498 6.69388e-09
5.53609e-09 0.0162498 6.60657e-09
6.00331e-09 0.0162498 6.37374e-09
6.14341e-09 0.0162498 7.14999e-09
6.36646e-09 0.0162498 6.8044e-09
5.85935e-09 0.0162498 6.80683e-09
5.85995e-09 0.0162498 6.65126e-09
5.79894e-09 0.0162498 7.17554e-09
6.68751e-09 0.0174998 6.73789e-09
6.22822e-09 0.0174998 7.13426e-09
6.41372e-09 0.0174998 6.74669e-09
6.17547e-09 0.0174998 6.97419e-09
7.11134e-09 0.0174998 6.81939e-09
6.53972e-09 0.0174998 6.61928e-09
6.11908e-09 0.0174998 6.83171e-09
6.25732e-09 0.0174998 6.91216e-09
6.16456e-09 0.0174998 6.57201e-09
6.23959e-09 0.0174998 7.51042e-09
6.25369e-09 0.0174998 6.96309e-09
6.40284e-09 0.0174998 7.00506e-09
6.27188e-09 0.0174998 7.04313e-09
6.02449e-09 0.0174998 6.83004e-09
6.74053e-09 0.0174998 6.96195e-09
6.30098e-09 0.0174998 7.47593e-09
6.22822e-09 0.0174998 7.39237e-09
6.51335e-09 0.0174998 7.0213e-09
6.0827e-09 0.0174998 6.83576e-09
6.33131e-09 0.0174998 7.26322e-09
6.73949e-09 0.0174998 8.00178e-09
6.46359e-09 0.0174998 7.77588e-09
6.57747e-09 0.0174998 7.82977e-09
6.28643e-09 0.0174998 7.4825e-09
5.81531e-09 0.0174998 6.9922e-09
7.48332e-09 0.0187498 7.34872e-09
6.60657e-09 0.0187498 7.02993e-09
7.28315e-09 0.0187498 7.24702e-09
7.33041e-09 0.0187498 6.99341e-09
6.89238e-09 0.0187498 7.67614e-09
6.51926e-09 0.0187498 7.31507e-09
6.53381e-09 0.0187498 7.09695e-09
6.8012e-09 0.0187498 7.11824e-09
6.41739e-09 0.0187498 7.0213e-09
6.4756e-09 0.0187498 7.22878e-09
6.42376e-09 0.0187498 7.70126e-09
6.43781e-09 0.0187498 7.43421e-09
6.41103e-09 0.0187498 7.28591e-09
6.48652e-09 0.0187498 7.27804e-09
6.67682e-09 0.0187498 7.3386e-09
6.62899e-09 0.0187498 7.67913e-09
6.33736e-09 0.0187498 7.56211e-09
6.52017e-09 0.0187498 7.14499e-09
6.49015e-09 0.0187498 7.13044e-09
6.58298e-09 0.0187498 7.38055e-09
7.21775e-09 0.0187498 8.36008e-09
6.91141e-09 0.0187498 8.07267e-09
6.4465e-09 0.0187498 7.76072e-09
6.20674e-09 0.0187498 7.5861e-09
7.64404e-09 0.0187498 7.88077e-09
5.89716e-09 0.0199998 8.35848e-09
6.4465e-09 0.0199997 7.45073e-09
6.8103e-09 0.0199998 7.67147e-09
5.9117e-09 0.0199997 6.94013e-09
6.8685e-09 0.0199997 7.29233e-09
6.21976e-09 0.0199997 7.70338e-09
6.51003e-09 0.0199998 7.79983e-09
6.80008e-09 0.0199997 7.47197e-09
6.73026e-09 0.0199997 7.63976e-09
6.6284e-09 0.0199997 7.57044e-09
6.69752e-09 0.0199998 7.68257e-09
6.52835e-09 0.0199997 7.75162e-09
6.63567e-09 0.0199998 7.59246e-09
6.54836e-09 0.0199997 7.50879e-09
6.45233e-09 0.0199998 7.81042e-09
6.6384e-09 0.0199998 7.77436e-09
6.46733e-09 0.0199998 8.02267e-09
6.46651e-09 0.0199997 7.75253e-09
6.53017e-09 0.0199998 8.00355e-09
7.11595e-09 0.0199997 7.82896e-09
6.73066e-09 0.0199998 8.3146e-09
6.54836e-09 0.0199997 7.50307e-09
6.42783e-09 0.0199997 7.64237e-09
6.54176e-09 0.0199997 7.5882e-09
7.74579e-09 0.0199997 7.69637e-09
7.67488e-09 0.0212497 8.85404e-09
6.25732e-09 0.0212497 8.57425e-09
7.04351e-09 0.0212497 7.79894e-09
6.23239e-09 0.0212497 7.95148e-09
7.0213e-09 0.0212497 8.59367e-09
7.00884e-09 0.0212497 8.25105e-09
6.82485e-09 0.0212497 7.97081e-09
6.57747e-09 0.0212497 7.5961e-09
6.63567e-09 0.0212497 7.87532e-09
6.58474e-09 0.0212497 7.90897e-09
6.89778e-09 0.0212497 7.94294e-09
6.23186e-09 0.0212497 7.86784e-09
6.69024e-09 0.0212497 7.64587e-09
6.3877e-09 0.0212497 7.70975e-09
6.55564e-09 0.0212497 8.51052e-09
6.46426e-09 0.0212497 7.85815e-09
6.26428e-09 0.0212497 7.9213e-09
6.37374e-09 0.0212497 7.71252e-09
6.43195e-09 0.0212497 7.85803e-09
6.51642e-09 0.0212497 7.95352e-09
8.07385e-09 0.0212497 8.18955e-09
5.92263e-09 0.0212497 7.44831e-09
6.35606e-09 0.0212497 8.29344e-09
6.52653e-09 0.0212497 8.02437e-09
6.69797e-09 0.0212497 8.71842e-09
7.61065e-09 0.0224997 8.40373e-09
6.61073e-09 0.0224997 8.69665e-09
6.67793e-09 0.0224997 8.47233e-09
6.8103e-09 0.0224997 7.89992e-09
7.75859e-09 0.0224997 9.09421e-09
6.94321e-09 0.0224997 8.3787e-09
6.18172e-09 0.0224997 7.95286e-09
6.51926e-09 0.0224997 8.23419e-09
6.12272e-09 0.0224997 7.92442e-09
6.70843e-09 0.0224997 8.26924e-09
6.97764e-09 0.0224997 8.1825e-09
5.60249e-09 0.0224997 8.04771e-09
6.12635e-09 0.0224997 7.95738e-09
6.51926e-09 0.0224997 8.04315e-09
6.8103e-09 0.0224997 8.33237e-09
6.79574e-09 0.0224997 7.78337e-09
6.11908e-09 0.0224997 7.91624e-09
6.22458e-09 0.0224997 7.86445e-09
6.46106e-09 0.0224997 8.00628e-09
5.80422e-09 0.0224997 8.87011e-09
6.43195e-09 0.0224997 8.66112e-09
6.41194e-09 0.0224997 8.10947e-09
6.76118e-09 0.0224997 8.36962e-09
6.33736e-09 0.0224997 8.59563e-09
6.34464e-09 0.0224997 8.76025e-09
7.27163e-09 0.0237497 8.68749e-09
5.3538e-09 0.0237497 7.67664e-09
6.46341e-09 0.0237497 8.24631e-09
6.50471e-09 0.0237497 8.4771e-09
7.50151e-09 0.0237497 8.39569e-09
6.06251e-09 0.0237497 8.33077e-09
6.40694e-09 0.0237497 8.25359e-09
6.42058e-09 0.0237497 8.30551e-09
6.40557e-09 0.0237497 8.31551e-09
6.5429e-09 0.0237497 8.46229e-09
6.05723e-09 0.0237497 8.54418e-09
6.33008e-09 0.0237497 8.23448e-09
6.59566e-09 0.0237497 8.34007e-09
6.02227e-09 0.0237497 7.91664e-09
6.71207e-09 0.0237497 8.37554e-09
6.56559e-09 0.0237497 8.14907e-09
5.96629e-09 0.0237497 7.84712e-09
6.11153e-09 0.0237497 8.11997e-09
6.3783e-09 0.0237497 8.41101e-09
6.72093e-09 0.0237497 8.5696e-09
7.10254e-09 0.0237497 8.62493e-09
5.99064e-09 0.0237497 8.01221e-09
6.27945e-09 0.0237497 8.57654e-09
5.51881e-09 0.0237497 8.71435e-09
7.22912e-09 0.0237497 9.82958e-09
6.12886e-09 0.0249997 8.75802e-09
6.40284e-09 0.0249997 8.43022e-09
6.0536e-09 0.0249997 7.89114e-09
6.12999e-09 0.0249997 8.80176e-09
6.0536e-09 0.0249997 9.22215e-09
5.63159e-09 0.0249997 8.4774e-09
6.20639e-09 0.0249997 8.65839e-09
6.31553e-09 0.0249997 8.93908e-09
6.28643e-09 0.0249997 8.89523e-09
6.61021e-09 0.0249997 8.51367e-09
6.34464e-09 0.0249997 8.2855e-09
6.33008e-09 0.0249997 9.0307e-09
6.35905e-09 0.0249997 8.88511e-09
6.28643e-09 0.0249997 8.62291e-09
6.97764e-09 0.0249997 8.15542e-09
5.54428e-09 0.0249997 8.40928e-09
6.2355e-09 0.0249997 8.55559e-09
6.31394e-09 0.0249997 8.66331e-09
6.30098e-09 0.0249997 8.70932e-09
6.22866e-09 0.0249997 8.9747e-09
6.43623e-09 0.0249997 8.80209e-09
6.28643e-09 0.0249997 8.23275e-09
6.46105e-09 0.0249997 8.40607e-09
6.15595e-09 0.0249997 8.84457e-09
7.23529e-09 0.0249997 8.86082e-09
5.81348e-09 0.0262497 9.58971e-09
5.76256e-09 0.0262497 9.08767e-09
5.70435e-09 0.0262497 9.20136e-09
6.24277e-09 0.0262497 8.55054e-09
6.90892e-09 0.0262497 1.03082e-08
6.54049e-09 0.0262497 8.90213e-09
6.09543e-09 0.0262497 8.74024e-09
6.2646e-09 0.0262497 8.33379e-09
5.84987e-09 0.0262497 9.13315e-09
6.92398e-09 0.0262497 9.75441e-09
5.72956e-09 0.0262497 8.80935e-09
6.53767e-09 0.0262497 8.86394e-09
6.17365e-09 0.0262497 9.1095e-09
6.33372e-09 0.0262497 8.92851e-09
7.54358e-09 0.0262497 8.86064e-09
6.75841e-09 0.0262497 9.27465e-09
6.19832e-09 0.0262497 8.90392e-09
6.44003e-09 0.0262497 8.87524e-09
6.40284e-09 0.0262497 9.02156e-09
6.64482e-09 0.0262497 9.47183e-09
7.26155e-09 0.0262497 9.74251e-09
6.14091e-09 0.0262497 9.02583e-09
6.24277e-09 0.0262497 9.17771e-09
6.84264e-09 0.0262497 9.73682e-09
7.13289e-09 0.0262497 1.01936e-08
7.55884e-09 0.0274997 9.19681e-09
6.54836e-09 0.0274997 9.44896e-09
6.90125e-09 0.0274997 8.70996e-09
6.35919e-09 0.0274997 9.38235e-09
5.12227e-09 0.0274997 9.6144e-09
7.01846e-09 0.0274997 9.42831e-09
5.99539e-09 0.0274997 9.15307e-09
5.87897e-09 0.0274997 8.77184e-09
5.87897e-09 0.0274997 9.09304e-09
5.54428e-09 0.0274997 1.01001e-08
6.67853e-09 0.0274997 9.7795e-09
5.94465e-09 0.0274997 9.21627e-09
6.34827e-09 0.0274997 9.25502e-09
6.22822e-09 0.0274997 9.43405e-09
7.8071e-09 0.0274997 1.00954e-08
6.30098e-09 0.0274997 9.52217e-09
6.30098e-09 0.0274997 9.35714e-09
6.36646e-09 0.0274997 9.22591e-09
6.22822e-09 0.0274997 9.2956e-09
7.52334e-09 0.0274997 1.01986e-08
7.26662e-09 0.0274997 9.54424e-09
7.32169e-09 0.0274997 9.17123e-09
6.70444e-09 0.0274997 1.01581e-08
6.88981e-09 0.0274997 1.05122e-08
7.09074e-09 0.0274997 1.0361e-08
7.52624e-09 0.0287497 9.56833e-09
5.95173e-09 0.0287497 9.66247e-09
6.05796e-09 0.0287497 8.81846e-09
6.31553e-09 0.0287497 8.91503e-09
6.19717e-09 0.0287497 9.95237e-09
6.70116e-09 0.0287497 9.54606e-09
6.25005e-09 0.0287497 9.60552e-09
6.0536e-09 0.0287497 9.52277e-09
6.02127e-09 0.0287497 9.60567e-09
6.0536e-09 0.0287497 9.35142e-09
6.80887e-09 0.0287497 9.51286e-09
6.16092e-09 0.0287497 9.42964e-09
6.22822e-09 0.0287497 9.60426e-09
6.12425e-09 0.0287497 9.53253e-09
6.51926e-09 0.0287497 9.74615e-09
6.02449e-09 0.0287497 9.72068e-09
5.80759e-09 0.0287497 9.45225e-09
5.85351e-09 0.0287497 9.72068e-09
6.19912e-09 0.0287497 9.48838e-09
5.93703e-09 0.0287497 9.94623e-09
7.16727e-09 0.0287497 1.00559e-08
5.96214e-09 0.0287497 9.5717e-09
5.73277e-09 0.0287497 8.09814e-09
5.62795e-09 0.0287497 1.02389e-08
6.75209e-09 0.0287497 1.03973e-08
6.75209e-09 0.0299997 1.02493e-08
5.47152e-09 0.0299997 9.29826e-09
6.17001e-09 0.0299997 9.11677e-09
6.38101e-09 0.0299997 8.49856e-09
7.76072e-09 0.0299997 8.98478e-09
6.63567e-09 0.0299997 9.69209e-09
6.07361e-09 0.0299997 9.12833e-09
5.87897e-09 0.0299997 9.1099e-09
5.97356e-09 0.0299997 8.97808e-09
5.28235e-09 0.0299997 9.32067e-09
5.09317e-09 0.0299997 9.33427e-09
5.56611e-09 0.0299997 9.5315e-09
6.17001e-09 0.0299997 9.25502e-09
5.99539e-09 0.0299997 9.12405e-09
5.78778e-09 0.0299997 8.79469e-09
4.94765e-09 0.0299997 9.36246e-09
5.67525e-09 0.0299997 9.1386e-09
5.74346e-09 0.0299997 9.56061e-09
5.61704e-09 0.0299997 9.78253e-09
6.28643e-09 0.0299997 8.61473e-09
6.40284e-09 0.0299997 9.95351e-09
5.49879e-09 0.0299997 9.92077e-09
5.87145e-09 0.0299997 9.19681e-09
4.84936e-09 0.0299997 9.55333e-09
7.28824e-09 0.0299997 1.0386e-08
7.82711e-09 0.0312497 9.04913e-09
6.28643e-09 0.0312497 9.8581e-09
6.30826e-09 0.0312497 9.28412e-09
6.88306e-09 0.0312497 8.8157e-09
8.07138e-09 0.0312497 9.39565e-09
6.8685e-09 0.0312497 9.46602e-09
5.47243e-09 0.0312497 9.2241e-09
5.97737e-09 0.0312497 9.19681e-09
5.95173e-09 0.0312497 8.43283e-09
6.37374e-09 0.0312497 9.08221e-09
5.56315e-09 0.0312497 9.55707e-09
5.82804e-09 0.0312497 9.04765e-09
5.48607e-09 0.0312497 9.1386e-09
5.74801e-09 0.0312497 8.81664e-09
7.43239e-09 0.0312497 8.62422e-09
6.0536e-09 0.0312497 9.02764e-09
5.6898e-09 0.0312497 9.1386e-09
5.87715e-09 0.0312497 9.10599e-09
5.63159e-09 0.0312497 8.68255e-09
6.43195e-09 0.0312497 8.82574e-09
2.56114e-09 0.0312497 9.7678e-09
6.75209e-09 0.0312497 9.44419e-09
5.73345e-09 0.0312497 9.33919e-09
4.66873e-09 0.0312497 9.40714e-09
6.63702e-09 0.0312497 8.39373e-09
6.2978e-09 0.0324997 1.03404e-08
4.88944e-09 0.0324997 9.70113e-09
5.70435e-09 0.0324997 9.51199e-09
6.61385e-09 0.0324997 8.9744e-09
4.77303e-09 0.0324997 9.42418e-09
5.79166e-09 0.0324997 9.93392e-09
5.57884e-09 0.0324997 9.77596e-09
5.69429e-09 0.0324997 9.91119e-09
5.42695e-09 0.0324997 8.92032e-09
6.28643e-09 0.0324997 8.37388e-09
5.94628e-09 0.0324997 9.36097e-09
5.63159e-09 0.0324997 9.25723e-09
5.18048e-09 0.0324997 9.26411e-09
5.27646e-09 0.0324997 8.54275e-09
6.8685e-09 0.0324997 8.87667e-09
5.01313e-09 0.0324997 9.81299e-09
5.6898e-09 0.0324997 9.24349e-09
5.86442e-09 0.0324997 8.93762e-09
5.80621e-09 0.0324997 8.73115e-09
4.95413e-09 0.0324997 8.395e-09
7.48085e-09 0.0324997 1.05238e-08
4.65661e-09 0.0324997 8.94522e-09
6.51926e-09 0.0324997 8.74421e-09
5.86442e-09 0.0324997 8.37718e-09
6.18456e-09 0.0324997 9.91471e-09
5.74073e-09 0.0337497 1.09576e-08
5.12227e-09 0.0337497 1.03674e-08
5.81323e-09 0.0337497 1.01127e-08
7.13044e-09 0.0337497 1.03464e-08
8.51287e-09 0.0337497 1.07102e-08
6.03904e-09 0.0337497 1.0536e-08
4.31464e-09 0.0337497 9.90639e-09
5.115e-09 0.0337497 9.36691e-09
5.42968e-09 0.0337497 9.53149e-09
5.84259e-09 0.0337497 9.50225e-09
4.86762e-09 0.0337497 9.86051e-09
5.12227e-09 0.0337497 9.43279e-09
5.2969e-09 0.0337497 9.10424e-09
5.47152e-09 0.0337497 8.96398e-09
6.12636e-09 0.0337497 8.79992e-09
4.53946e-09 0.0337497 9.44237e-09
4.7658e-09 0.0337497 8.6191e-09
5.15464e-09 0.0337497 9.22591e-09
5.92099e-09 0.0337497 8.57108e-09
5.86624e-09 0.0337497 9.03674e-09
5.58794e-09 0.0337497 9.27891e-09
6.25187e-09 0.0337497 9.34181e-09
6.67217e-09 0.0337497 9.13269e-09
4.1764e-09 0.0337497 8.30369e-09
7.11248e-09 0.0337497 9.0414e-09
5.16548e-09 0.0349997 9.79344e-09
4.86881e-09 0.0349997 9.22046e-09
4.84761e-09 0.0349997 9.96194e-09
5.00586e-09 0.0349997 9.59426e-09
7.21775e-09 0.0349997 1.03369e-08
4.76901e-09 0.0349997 9.26431e-09
4.77303e-09 0.0349997 9.66247e-09
4.76833e-09 0.0349997 9.41904e-09
5.0477e-09 0.0349997 9.5927e-09
6.06815e-09 0.0349997 9.80151e-09
4.84579e-09 0.0349997 9.87541e-09
4.70027e-09 0.0349997 9.12405e-09
4.36557e-09 0.0349997 9.42964e-09
4.48199e-09 0.0349997 9.5024e-09
5.38957e-09 0.0349997 9.87163e-09
5.21151e-09 0.0349997 8.20667e-09
4.98585e-09 0.0349997 9.00032e-09
5.00586e-09 0.0349997 8.67294e-09
4.72937e-09 0.0349997 8.20728e-09
5.42561e-09 0.0349997 7.95808e-09
6.4756e-09 0.0349997 9.67702e-09
5.68679e-09 0.0349997 8.49468e-09
5.17956e-09 0.0349997 8.94943e-09
4.34738e-09 0.0349997 8.57654e-09
4.77303e-09 0.0349997 8.48068e-09
3.59417e-09 0.0362497 9.11677e-09
3.30656e-09 0.0362497 8.65666e-09
4.5402e-09 0.0362497 9.39099e-09
4.88944e-09 0.0362497 9.35415e-09
4.77303e-09 0.0362497 9.74069e-09
4.65661e-09 0.0362497 8.6666e-09
3.76713e-09 0.0362497 8.1418e-09
3.95812e-09 0.0362497 8.84756e-09
4.30737e-09 0.0362497 8.75298e-09
5.11228e-09 0.0362497 9.03856e-09
5.26052e-09 0.0362497 8.0363e-09
4.48199e-09 0.0362497 7.96354e-09
4.01633e-09 0.0362497 8.19192e-09
4.22006e-09 0.0362497 8.11997e-09
4.75848e-09 0.0362497 8.67442e-09
4.08919e-09 0.0362497 7.96229e-09
4.45628e-09 0.0362497 7.88378e-09
4.4929e-09 0.0362497 8.29769e-09
4.05327e-09 0.0362497 8.22991e-09
5.57338e-09 0.0362497 8.55294e-09
4.13709e-09 0.0362497 8.55289e-09
5.37693e-09 0.0362497 6.59957e-09
4.86534e-09 0.0362497 7.27591e-09
3.14321e-09 0.0362497 6.64979e-09
3.69168e-09 0.0362497 8.13088e-09
2.14641e-09 0.0374997 8.81664e-09
2.31417e-09 0.0374997 9.30336e-09
3.76496e-09 0.0374997 9.26233e-09
4.93037e-09 0.0374997 8.46217e-09
6.63567e-09 0.0374997 9.004e-09
2.00089e-09 0.0374997 7.70818e-09
3.68871e-09 0.0374997 7.84809e-09
3.14321e-09 0.0374997 7.75208e-09
4.13274e-09 0.0374997 7.17682e-09
4.13274e-09 0.0374997 8.12082e-09
3.37604e-09 0.0374997 7.75241e-09
3.71995e-09 0.0374997 8.08597e-09
3.62343e-09 0.0374997 7.39237e-09
3.30328e-09 0.0374997 7.47764e-09
4.04543e-09 0.0374997 7.80293e-09
3.4672e-09 0.0374997 7.67704e-09
3.65594e-09 0.0374997 7.15954e-09
3.91889e-09 0.0374997 7.42148e-09
3.4197e-09 0.0374997 7.18013e-09
3.67982e-09 0.0374997 7.74796e-09
7.27596e-09 0.0374997 8.43208e-09
3.37604e-09 0.0374997 7.29779e-09
5.12227e-09 0.0374997 7.43927e-09
4.25217e-09 0.0374997 6.70184e-09
7.84952e-10 0.0374997 8.0172e-09
3.27195e-09 0.0387497 8.57631e-09
2.94385e-09 0.0387497 7.57063e-09
3.51528e-09 0.0387497 7.2323e-09
3.7757e-09 0.0387497 7.84712e-09
5.64614e-09 0.0387497 7.50697e-09
1.87478e-09 0.0387497 7.16791e-09
2.86468e-09 0.0387497 7.41576e-09
2.87265e-09 0.0387497 7.37214e-09
3.31784e-09 0.0387497 7.73321e-09
3.95812e-09 0.0387497 7.55752e-09
1.4702e-09 0.0387497 7.1077e-09
2.2701e-09 0.0387497 7.48598e-09
3.1032e-09 0.0387497 6.75209e-09
3.08501e-09 0.0387497 7.04628e-09
4.07454e-09 0.0387497 6.41262e-09
1.56614e-09 0.0387497 7.33053e-09
2.96336e-09 0.0387497 6.55293e-09
3.20551e-09 0.0387497 6.51926e-09
2.92493e-09 0.0387497 6.65078e-09
2.16824e-09 0.0387497 6.89761e-09
1.77533e-09 0.0387497 7.70963e-09
3.44153e-09 0.0387497 7.40104e-09
3.52156e-09 0.0387497 6.35081e-09
2.53931e-09 0.0387497 6.8585e-09
4.18731e-09 0.0387497 7.08302e-09
7.27596e-10 0.0399997 7.90169e-09
1.65448e-09 0.0399998 7.46059e-09
2.0586e-09 0.0399997 7.10133e-09
3.69735e-09 0.0399997 6.92671e-09
2.91197e-09 0.0399997 6.99583e-09
2.08092e-09 0.0399998 7.35201e-09
2.874e-09 0.0399998 6.85637e-09
2.72667e-09 0.0399998 5.82281e-09
2.2701e-09 0.0399998 7.23262e-09
3.72529e-09 0.0399997 7.22085e-09
2.24099e-09 0.0399998 6.9158e-09
2.11409e-09 0.0399998 6.18576e-09
2.79397e-09 0.0399998 7.07916e-09
2.52476e-09 0.0399998 6.9151e-09
1.68802e-09 0.0399997 7.07172e-09
1.62981e-09 0.0399998 6.98962e-09
2.22595e-09 0.0399998 6.84045e-09
2.00316e-09 0.0399998 7.05018e-09
2.54568e-09 0.0399998 6.7439e-09
2.93221e-09 0.0399997 7.06916e-09
2.3756e-09 0.0399998 7.30529e-09
3.05445e-09 0.0399998 6.34645e-09
2.46459e-09 0.0399997 7.85196e-09
1.34262e-09 0.0399997 6.44581e-09
2.10048e-09 0.0399997 6.40984e-09
4.40605e-10 0.0412498 8.31642e-09
2.09548e-09 0.0412498 7.16909e-09
1.5134e-09 0.0412498 6.26426e-09
1.71713e-09 0.0412498 6.82121e-09
1.39698e-09 0.0412498 8.37645e-09
2.91038e-09 0.0412498 7.49515e-09
1.75236e-09 0.0412498 6.94126e-09
1.9063e-09 0.0412498 6.50315e-09
8.14907e-10 0.0412498 6.52623e-09
9.31323e-10 0.0412498 7.15318e-09
1.46247e-09 0.0412498 6.44695e-09
1.68802e-09 0.0412498 6.3434e-09
1.62981e-09 0.0412498 6.45621e-09
1.28057e-09 0.0412498 6.66162e-09
1.16415e-09 0.0412498 5.92172e-09
1.22236e-09 0.0412498 6.08634e-09
1.8955e-09 0.0412498 6.30696e-09
1.7231e-09 0.0412498 6.30271e-09
1.22544e-09 0.0412498 6.8103e-09
1.74623e-09 0.0412498 6.6093e-09
2.0286e-09 0.0412498 6.95582e-09
1.74623e-09 0.0412498 5.64788e-09
2.60843e-09 0.0412498 6.41632e-09
7.67121e-10 0.0412498 6.4761e-09
6.4939e-10 0.0412498 7.12095e-09
2.56114e-09 0.0424998 8.3908e-09
-2.61934e-10 0.0424998 7.5952e-09
3.92751e-11 0.0424998 5.4106e-09
5.40472e-10 0.0424998 6.91819e-09
-9.31323e-10 0.0424998 8.12011e-09
1.16384e-09 0.0424998 6.36576e-09
1.28057e-09 0.0424998 5.33128e-09
1.28057e-09 0.0424998 4.99046e-09
4.65661e-10 0.0424998 5.62213e-09
5.77005e-10 0.0424998 6.1441e-09
5.34669e-10 0.0424998 5.24494e-09
1.09139e-09 0.0424998 5.15288e-09
1.19235e-09 0.0424998 5.51739e-09
3.0559e-10 0.0424998 5.53844e-09
-1.30967e-10 0.0424998 6.15576e-09
9.86412e-10 0.0424998 5.62478e-09
6.9717e-10 0.0424998 4.74392e-09
1.05589e-09 0.0424998 4.61845e-09
4.65661e-10 0.0424998 4.36557e-09
8.65839e-10 0.0424998 5.48418e-09
-2.59102e-10 0.0424998 3.66708e-09
3.14986e-10 0.0424998 5.19517e-09
1.68466e-09 0.0424998 2.91361e-09
9.03583e-10 0.0424998 5.08408e-09
1.16415e-09 0.0424998 4.14502e-09
5.64139e-10 0.0437498 5.41331e-09
2.3562e-09 0.0437498 3.29076e-09
4.17458e-10 0.0437498 4.1774e-09
6.8394e-10 0.0437498 4.76122e-09
2.76332e-09 0.0437498 5.34783e-09
2.32831e-09 0.0437499 5.04649e-09
8.91305e-10 0.0437498 4.1139e-09
1.45883e-09 0.0437498 3.64105e-09
2.93312e-10 0.0437498 3.55067e-09
-1.92085e-09 0.0437498 4.19689e-09
-1.01863e-10 0.0437498 4.38114e-09
6.91216e-10 0.0437498 3.53468e-09
4.65661e-10 0.0437498 3.66708e-09
5.82077e-10 0.0437499 3.41976e-09
2.32831e-10 0.0437499 4.34175e-09
-1.25146e-09 0.0437498 3.80317e-09
1.60071e-10 0.0437498 3.54927e-09
6.55973e-10 0.0437498 3.60729e-09
1.87932e-10 0.0437498 3.75912e-09
1.3285e-09 0.0437499 4.96567e-09
-4.57703e-10 0.0437498 5.23869e-09
-6.77673e-10 0.0437498 2.96397e-09
1.09067e-09 0.0437498 3.30885e-09
1.43378e-09 0.0437498 4.3815e-09
1.52795e-10 0.0437498 4.43168e-09
3.0559e-10 0.0449999 4.77303e-09
1.22237e-09 0.0449999 3.69619e-09
7.93023e-10 0.0449999 2.24281e-09
1.62981e-09 0.0449999 2.74486e-09
1.16415e-09 0.0449999 4.50382e-09
8.31994e-10 0.0449999 3.23813e-09
5.08408e-10 0.0449999 3.0889e-09
7.11825e-10 0.0449999 2.60445e-09
-1.90012e-10 0.0449999 3.23172e-09
1.3315e-09 0.0449999 2.46327e-09
-1.16415e-10 0.0449999 3.9983e-09
2.83071e-10 0.0449999 3.7148e-09
4.17121e-10 0.0449999 2.99571e-09
2.43761e-10 0.0449999 3.12371e-09
4.07454e-10 0.0449999 2.68005e-09
-1.74623e-09 0.0449999 3.25963e-09
1.81899e-12 0.0449999 2.62139e-09
3.00588e-10 0.0449999 3.29072e-09
8.73115e-11 0.0449999 3.47918e-09
-9.85832e-10 0.0449999 3.75153e-09
-1.26283e-09 0.0449999 3.08624e-09
-6.98492e-10 0.0449999 2.88447e-09
1.16779e-09 0.0449999 3.16219e-09
-2.1862e-10 0.0449999 4.17917e-09
8.22183e-10 0.0449999 4.904e-09
1.69224e-10 0.0462499 4.0138e-09
-2.55218e-10 0.0462499 2.37198e-09
-5.92143e-10 0.0462499 2.84857e-09
5.41395e-10 0.0462499 2.6339e-09
1.04774e-09 0.0462499 2.48474e-09
4.65661e-10 0.0462499 2.793e-09
5.85715e-10 0.0462499 2.33618e-09
8.47308e-10 0.0462499 2.07643e-09
8.14907e-10 0.0462499 2.71528e-09
3.20142e-10 0.0462499 2.5766e-09
1.60071e-10 0.0462499 2.17909e-09
0 0.0462499 2.31012e-09
1.16415e-09 0.0462499 2.62798e-09
-8.00355e-11 0.0462499 2.44036e-09
-9.31323e-10 0.0462499 2.56478e-09
-3.49246e-10 0.0462499 2.31165e-09
3.92902e-10 0.0462499 2.06637e-09
-2.94449e-10 0.0462499 2.10356e-09
-9.60426e-10 0.0462499 1.86778e-09
-1.86201e-09 0.0462499 2.84359e-09
-1.53e-09 0.0462499 3.37604e-09
1.10667e-11 0.0462499 3.15781e-09
4.30605e-10 0.0462499 2.65005e-09
-1.07083e-09 0.0462499 2.15979e-09
-1.70985e-09 0.0462499 2.3281e-09
-6.16637e-10 0.0474999 2.85167e-09
-1.16415e-10 0.0474999 2.24077e-09
3.49246e-10 0.0474999 1.56967e-09
-4.65661e-10 0.0474999 1.21508e-09
-9.31323e-10 0.0474999 1.57161e-09
1.4843e-09 0.0474999 1.62735e-09
3.25599e-10 0.0474999 1.35784e-09
4.07454e-10 0.0474999 1.68802e-09
-6.00267e-10 0.0474999 1.49462e-09
-6.40284e-10 0.0474999 1.28556e-09
-1.04774e-09 0.0474999 2.34532e-09
-2.91038e-10 0.0474999 1.73982e-09
-1.23691e-10 0.0474999 1.46065e-09
-8.14907e-10 0.0474999 1.03351e-09
-5.82077e-10 0.0474999 1.58259e-09
3.49246e-10 0.0474999 1.57491e-09
-4.36557e-11 0.0474999 1.26306e-09
-5.38421e-10 0.0474999 1.50065e-09
-9.31323e-10 0.0474999 1.44235e-09
-1.62981e-09 0.0474999 1.39698e-09
9.31323e-10 0.0474999 2.49031e-09
-5.94829e-10 0.0474999 1.38061e-09
-9.33493e-10 0.0474999 1.26192e-09
-2.23008e-09 0.0474999 1.71849e-09
-2.09548e-09 0.0474999 3.09468e-09
3.0268e-09 0.04875 7.09975e-10
1.16415e-09 0.04875 9.55827e-10
3.7835e-10 0.0487499 8.87667e-10
-1.16779e-09 0.04875 5.52973e-10
3.72529e-09 0.04875 2.12549e-09
6.2937e-10 0.04875 6.56405e-10
3.49246e-10 0.04875 8.07257e-10
-8.21059e-11 0.04875 3.85758e-10
-2.61934e-10 0.04875 1.40567e-10
-6.69388e-10 0.04875 7.26555e-10
5.77957e-10 0.04875 9.57018e-10
-1.09139e-11 0.04875 4.59265e-10
-2.32831e-10 0.04875 6.30735e-10
-2.91038e-10 0.04875 6.53382e-10
-1.16415e-09 0.04875 1.27329e-10
3.34694e-10 0.04875 8.4475e-10
-1.16415e-10 0.04875 2.52533e-10
-7.08894e-10 0.04875 3.92902e-10
-7.567e-10 0.04875 9.45874e-10
1.45519e-11 0.04875 9.00698e-10
1.015e-09 0.04875 5.89978e-10
-4.65661e-10 0.04875 3.97319e-10
-2.51035e-10 0.04875 9.25695e-10
-2.70666e-09 0.04875 6.25732e-10
-4.65661e-10 0.04875 1.54833e-09
0 0.05 0
0 0.05 0
0 0.05 0
0 0.05 0
0 0.05 0
0 0.05 0
0 0.05 0
0 0.05 0
0 0.05 0
0 0.05 0
0 0.05 0
0 0.05 0
0 0.05 0
0 0.05 0
0 0.05 0
0 0.05 0
0 0.05 0
0 0.05 0
0 0.05 0
0 0.05 0
0 0.05 0
0 0.05 0
0 0.05 0
0 0.05 0
0 0.05 0
