0 0 0
0 0 0
0 0 0
0 0 0
0 0 0
0 0 0
0 0 0
0 0 0
0 0 0
0 0 0
0 0 0
0 0 0
0 0 0
0 0 0
0 0 0
0 0 0
0 0 0
0 0 0
0 0 0
0 0 0
0 0 0
0 0 0
0 0 0
0 0 0
0 0 0
4.47022e-11 -0.000941064 -8.71534e-10
2.62259e-10 -0.000941065 -7.28676e-10
2.98767e-10 -0.000941064 -7.41708e-10
3.50182e-10 -0.000941064 -6.61237e-10
4.7977e-10 -0.000941064 -5.52678e-10
2.82823e-11 -0.000941064 -7.24759e-10
1.60022e-10 -0.000941064 -7.71136e-10
2.79157e-10 -0.000941063 -7.3249e-10
3.30548e-10 -0.000941064 -7.85642e-10
4.94343e-10 -0.000941064 -7.57828e-10
-2.98057e-11 -0.000941064 -7.64876e-10
1.6066e-10 -0.000941064 -7.18624e-10
2.88047e-10 -0.000941064 -7.89773e-10
4.25887e-10 -0.000941063 -8.12679e-10
4.71252e-10 -0.000941064 -7.90777e-10
-5.06639e-11 -0.000941064 -7.84647e-10
1.31131e-10 -0.000941063 -8.02425e-10
2.5534e-10 -0.000941064 -8.574e-10
3.71553e-10 -0.000941063 -8.29525e-10
6.04986e-10 -0.000941063 -9.12379e-10
-3.74101e-11 -0.000941063 -7.24899e-10
1.19918e-10 -0.000941063 -8.00618e-10
2.86913e-10 -0.000941064 -9.14193e-10
3.72902e-10 -0.000941064 -9.5413e-10
4.81926e-10 -0.000941063 -7.80818e-10
4.52353e-10 -0.00182289 -1.59407e-09
2.66727e-10 -0.00182289 -1.59481e-09
4.52615e-10 -0.00182289 -1.5974e-09
5.18566e-10 -0.00182289 -1.42808e-09
8.98538e-10 -0.00182289 -1.44365e-09
2.0675e-10 -0.00182289 -1.49235e-09
3.13759e-10 -0.00182289 -1.63798e-09
5.81143e-10 -0.00182289 -1.65027e-09
6.1654e-10 -0.00182289 -1.65174e-09
6.10952e-10 -0.00182289 -1.50583e-09
2.74182e-10 -0.00182289 -1.54134e-09
3.50179e-10 -0.00182289 -1.59174e-09
4.92514e-10 -0.00182289 -1.61789e-09
6.43731e-10 -0.00182289 -1.69539e-09
6.98867e-10 -0.00182289 -1.77576e-09
-1.37099e-10 -0.00182289 -1.72349e-09
2.82182e-10 -0.00182289 -1.57776e-09
4.42077e-10 -0.00182289 -1.69276e-09
6.22865e-10 -0.00182289 -1.81665e-09
7.64427e-10 -0.00182289 -1.7151e-09
1.72108e-10 -0.00182289 -1.81142e-09
2.55417e-10 -0.00182289 -1.7546e-09
4.13644e-10 -0.00182289 -1.78734e-09
5.49852e-10 -0.00182289 -1.68776e-09
1.07781e-09 -0.00182289 -1.72884e-09
7.01418e-10 -0.00259016 -2.46911e-09
3.81475e-10 -0.00259015 -2.55115e-09
6.38512e-10 -0.00259015 -2.65336e-09
6.60123e-10 -0.00259015 -2.84334e-09
6.61618e-10 -0.00259015 -2.49836e-09
7.10878e-10 -0.00259015 -2.61518e-09
4.90305e-10 -0.00259015 -2.7039e-09
6.36541e-10 -0.00259015 -2.72665e-09
7.35803e-10 -0.00259015 -2.76721e-09
8.09225e-10 -0.00259015 -2.77534e-09
3.35273e-10 -0.00259015 -2.65615e-09
4.51507e-10 -0.00259015 -2.65748e-09
6.17647e-10 -0.00259015 -2.68056e-09
6.90812e-10 -0.00259015 -2.92205e-09
7.88835e-10 -0.00259015 -2.69778e-09
3.87223e-10 -0.00259015 -2.68713e-09
5.08983e-10 -0.00259015 -2.61848e-09
5.49103e-10 -0.00259015 -2.84184e-09
5.8453e-10 -0.00259015 -2.79609e-09
7.9014e-10 -0.00259015 -2.717e-09
5.70348e-10 -0.00259015 -2.64445e-09
5.41487e-10 -0.00259015 -2.84092e-09
4.43102e-10 -0.00259015 -2.67682e-09
5.80636e-10 -0.00259015 -3.0272e-09
6.63485e-10 -0.00259015 -2.98322e-09
1.54234e-10 -0.00319511 -3.84671e-09
3.67409e-10 -0.00319511 -4.10212e-09
6.6888e-10 -0.00319511 -3.75952e-09
7.12095e-10 -0.00319511 -4.15582e-09
5.24532e-10 -0.00319511 -3.82284e-09
3.70183e-10 -0.00319511 -3.87004e-09
5.33215e-10 -0.00319511 -3.87147e-09
6.69067e-10 -0.00319511 -3.89212e-09
6.9169e-10 -0.00319511 -4.01365e-09
9.31697e-10 -0.00319511 -4.0781e-09
4.31827e-10 -0.00319511 -3.92288e-09
4.06512e-10 -0.00319511 -3.8709e-09
5.52091e-10 -0.00319511 -3.94186e-09
8.41874e-10 -0.00319511 -4.05016e-09
6.19888e-10 -0.00319511 -3.7559e-09
3.04043e-10 -0.00319511 -3.81133e-09
6.07926e-10 -0.00319511 -3.8479e-09
5.7879e-10 -0.00319511 -3.92586e-09
6.00862e-10 -0.00319511 -4.02198e-09
6.87407e-10 -0.00319511 -3.91424e-09
3.15189e-10 -0.00319511 -3.49118e-09
5.50173e-10 -0.00319511 -3.9421e-09
5.73124e-10 -0.0031951 -3.97754e-09
2.39675e-10 -0.00319511 -3.86153e-09
7.24217e-10 -0.00319511 -4.20216e-09
-1.61676e-10 -0.00360071 -5.392e-09
2.12442e-10 -0.00360071 -5.36259e-09
7.34933e-10 -0.00360071 -5.07089e-09
1.04941e-09 -0.00360071 -5.34477e-09
1.00266e-09 -0.00360071 -5.55372e-09
9.44276e-11 -0.00360071 -5.27312e-09
2.01566e-10 -0.00360071 -5.22743e-09
4.37836e-10 -0.00360071 -5.30387e-09
4.24481e-10 -0.00360071 -5.34431e-09
8.50105e-10 -0.00360071 -5.21533e-09
2.14451e-10 -0.00360071 -5.07509e-09
2.1161e-10 -0.00360071 -5.22657e-09
3.09205e-10 -0.00360071 -5.09348e-09
5.73681e-10 -0.00360071 -5.15298e-09
5.84109e-10 -0.00360071 -5.44786e-09
2.29461e-10 -0.00360071 -5.05091e-09
2.41411e-10 -0.00360071 -5.222e-09
2.67251e-10 -0.00360071 -5.3365e-09
4.00467e-10 -0.00360071 -5.38156e-09
5.72192e-10 -0.00360071 -5.03132e-09
-5.92408e-11 -0.00360071 -4.70157e-09
8.35946e-10 -0.00360071 -4.91701e-09
6.66091e-10 -0.00360071 -5.15329e-09
2.09263e-10 -0.0036007 -5.11802e-09
7.15261e-10 -0.00360071 -5.25849e-09
-9.56646e-10 -0.00378298 -6.4675e-09
-5.74818e-10 -0.00378298 -6.66799e-09
-6.15596e-12 -0.00378297 -7.02521e-09
2.38355e-10 -0.00378297 -7.06203e-09
9.19402e-10 -0.00378297 -6.46194e-09
-5.36616e-10 -0.00378298 -6.49928e-09
-2.78077e-10 -0.00378297 -6.66233e-09
-5.7212e-11 -0.00378297 -6.60005e-09
8.98637e-11 -0.00378297 -6.73254e-09
4.24651e-10 -0.00378297 -6.89143e-09
-5.96132e-10 -0.00378297 -6.5737e-09
-2.72682e-10 -0.00378297 -6.57676e-09
-7.29674e-11 -0.00378297 -6.51573e-09
-2.98215e-11 -0.00378297 -6.5375e-09
2.13198e-11 -0.00378297 -6.58225e-09
-2.82378e-10 -0.00378297 -6.56614e-09
-1.83287e-10 -0.00378297 -6.26671e-09
-3.57527e-11 -0.00378297 -6.48982e-09
4.47269e-11 -0.00378297 -6.33086e-09
-2.31171e-11 -0.00378297 -6.28969e-09
2.37664e-10 -0.00378297 -6.57985e-09
-2.47393e-10 -0.00378297 -6.35108e-09
-5.28263e-10 -0.00378297 -6.35263e-09
-6.25757e-11 -0.00378297 -6.69999e-09
4.52999e-10 -0.00378297 -6.13221e-09
-1.17421e-09 -0.00373237 -8.00939e-09
-9.65071e-10 -0.00373237 -7.89192e-09
-8.98177e-10 -0.00373237 -8.19857e-09
-6.62342e-10 -0.00373237 -8.05168e-09
-4.76756e-11 -0.00373237 -8.13941e-09
-1.16934e-09 -0.00373237 -7.88917e-09
-9.88133e-10 -0.00373237 -7.99949e-09
-9.02375e-10 -0.00373237 -8.24117e-09
-6.49607e-10 -0.00373237 -7.95426e-09
-1.24432e-10 -0.00373237 -7.88312e-09
-6.46682e-10 -0.00373237 -7.74433e-09
-8.82161e-10 -0.00373237 -7.97817e-09
-8.86799e-10 -0.00373237 -7.88679e-09
-6.35448e-10 -0.00373237 -7.93728e-09
-6.0349e-10 -0.00373237 -7.67062e-09
-1.07287e-09 -0.00373237 -7.7997e-09
-1.00449e-09 -0.00373237 -7.6884e-09
-8.51605e-10 -0.00373237 -7.82685e-09
-7.43559e-10 -0.00373237 -7.62437e-09
-5.75196e-10 -0.00373237 -7.5955e-09
-1.02089e-09 -0.00373237 -7.83208e-09
-8.25775e-10 -0.00373237 -7.72708e-09
-1.23893e-09 -0.00373237 -7.63463e-09
-8.61431e-10 -0.00373236 -7.65629e-09
-7.86798e-10 -0.00373236 -7.3962e-09
-2.27816e-09 -0.00345406 -8.92952e-09
-2.11298e-09 -0.00345406 -9.42668e-09
-1.74904e-09 -0.00345406 -9.14849e-09
-1.19507e-09 -0.00345406 -9.2202e-09
-1.23992e-09 -0.00345406 -9.22685e-09
-2.06126e-09 -0.00345406 -9.18783e-09
-1.86346e-09 -0.00345406 -9.2981e-09
-1.6247e-09 -0.00345406 -9.30209e-09
-1.30146e-09 -0.00345406 -9.23443e-09
-1.41113e-09 -0.00345406 -9.22516e-09
-1.81348e-09 -0.00345406 -9.10503e-09
-1.7811e-09 -0.00345406 -9.07889e-09
-1.68252e-09 -0.00345406 -9.40093e-09
-1.45056e-09 -0.00345406 -9.21403e-09
-1.31207e-09 -0.00345406 -8.98918e-09
-1.85593e-09 -0.00345406 -9.10434e-09
-1.59668e-09 -0.00345406 -9.12437e-09
-1.66036e-09 -0.00345406 -9.04447e-09
-1.61666e-09 -0.00345406 -9.17626e-09
-1.34705e-09 -0.00345406 -9.05673e-09
-1.16673e-09 -0.00345406 -8.69777e-09
-1.92461e-09 -0.00345406 -9.03164e-09
-1.62106e-09 -0.00345405 -9.21633e-09
-1.59347e-09 -0.00345406 -8.92033e-09
-1.34402e-09 -0.00345406 -9.05773e-09
-2.86716e-09 -0.00296688 -1.04627e-08
-2.75335e-09 -0.00296687 -1.02374e-08
-2.44254e-09 -0.00296687 -1.04714e-08
-2.17818e-09 -0.00296687 -1.02889e-08
-2.24371e-09 -0.00296687 -1.0294e-08
-3.07008e-09 -0.00296687 -1.0154e-08
-2.79807e-09 -0.00296688 -1.03202e-08
-2.50667e-09 -0.00296687 -1.04196e-08
-2.40907e-09 -0.00296687 -1.04556e-08
-2.19942e-09 -0.00296687 -1.03915e-08
-2.98173e-09 -0.00296687 -1.02438e-08
-2.76863e-09 -0.00296688 -1.03796e-08
-2.63153e-09 -0.00296687 -1.04634e-08
-2.39724e-09 -0.00296687 -1.02452e-08
-2.35663e-09 -0.00296687 -1.01961e-08
-2.95503e-09 -0.00296687 -1.02333e-08
-2.62038e-09 -0.00296687 -1.03302e-08
-2.66581e-09 -0.00296687 -1.04179e-08
-2.60099e-09 -0.00296687 -1.03577e-08
-2.40058e-09 -0.00296687 -1.02653e-08
-2.64723e-09 -0.00296688 -1.01698e-08
-2.6418e-09 -0.00296687 -1.02135e-08
-2.65723e-09 -0.00296687 -1.05655e-08
-2.7474e-09 -0.00296687 -1.02822e-08
-2.18237e-09 -0.00296687 -1.01727e-08
-3.80539e-09 -0.00230103 -1.12057e-08
-3.64147e-09 -0.00230103 -1.10227e-08
-3.45332e-09 -0.00230103 -1.10657e-08
-3.39299e-09 -0.00230103 -1.10214e-08
-3.37438e-09 -0.00230103 -1.1092e-08
-3.84783e-09 -0.00230103 -1.12435e-08
-3.7018e-09 -0.00230103 -1.11153e-08
-3.71636e-09 -0.00230103 -1.11407e-08
-3.51743e-09 -0.00230103 -1.11477e-08
-3.6072e-09 -0.00230103 -1.1002e-08
-3.99035e-09 -0.00230103 -1.12059e-08
-3.83482e-09 -0.00230103 -1.13152e-08
-3.6776e-09 -0.00230103 -1.11512e-08
-3.55731e-09 -0.00230103 -1.11902e-08
-3.57535e-09 -0.00230103 -1.10337e-08
-4.0095e-09 -0.00230103 -1.11558e-08
-3.84153e-09 -0.00230103 -1.11416e-08
-3.75806e-09 -0.00230103 -1.12407e-08
-3.65375e-09 -0.00230103 -1.11012e-08
-3.42425e-09 -0.00230103 -1.10182e-08
-3.36284e-09 -0.00230103 -1.08853e-08
-3.7351e-09 -0.00230103 -1.09827e-08
-3.92049e-09 -0.00230103 -1.1094e-08
-3.62425e-09 -0.00230103 -1.12645e-08
-3.15343e-09 -0.00230103 -1.0734e-08
-4.7445e-09 -0.00149461 -1.15216e-08
-4.89949e-09 -0.00149461 -1.15351e-08
-4.91454e-09 -0.00149461 -1.1548e-08
-4.93973e-09 -0.00149461 -1.14093e-08
-4.90511e-09 -0.00149461 -1.14411e-08
-5.04628e-09 -0.00149461 -1.16194e-08
-4.92974e-09 -0.00149461 -1.16595e-08
-4.8995e-09 -0.00149461 -1.15424e-08
-4.77767e-09 -0.00149461 -1.14862e-08
-4.79628e-09 -0.00149461 -1.14893e-08
-5.01123e-09 -0.00149461 -1.15889e-08
-5.01573e-09 -0.00149461 -1.16142e-08
-4.92931e-09 -0.00149461 -1.15885e-08
-4.77135e-09 -0.00149461 -1.14599e-08
-4.8354e-09 -0.00149461 -1.14636e-08
-5.00976e-09 -0.00149461 -1.15667e-08
-4.98889e-09 -0.00149461 -1.1622e-08
-4.97739e-09 -0.00149461 -1.15231e-08
-4.87416e-09 -0.00149461 -1.13824e-08
-4.66397e-09 -0.00149461 -1.13198e-08
-5.12228e-09 -0.00149461 -1.16092e-08
-4.98298e-09 -0.00149461 -1.16135e-08
-4.91143e-09 -0.00149461 -1.13562e-08
-4.80264e-09 -0.00149461 -1.14452e-08
-4.14362e-09 -0.00149461 -1.12031e-08
-6.20823e-09 -0.000589063 -1.14672e-08
-6.16315e-09 -0.000589062 -1.16027e-08
-6.1095e-09 -0.000589062 -1.14297e-08
-6.28977e-09 -0.000589063 -1.13609e-08
-6.12735e-09 -0.000589062 -1.17089e-08
-6.002e-09 -0.000589063 -1.15587e-08
-6.17924e-09 -0.000589063 -1.1559e-08
-6.172e-09 -0.000589063 -1.14714e-08
-6.14526e-09 -0.000589062 -1.1459e-08
-6.32404e-09 -0.000589063 -1.14121e-08
-6.15567e-09 -0.000589064 -1.16707e-08
-6.18545e-09 -0.000589063 -1.15817e-08
-6.15601e-09 -0.000589062 -1.14512e-08
-6.16804e-09 -0.000589063 -1.1371e-08
-6.18064e-09 -0.000589062 -1.13451e-08
-6.13819e-09 -0.000589063 -1.14865e-08
-6.18884e-09 -0.000589064 -1.14546e-08
-6.14069e-09 -0.000589064 -1.14158e-08
-6.19626e-09 -0.000589064 -1.12709e-08
-6.21379e-09 -0.000589063 -1.12071e-08
-6.12734e-09 -0.000589064 -1.14048e-08
-6.20389e-09 -0.000589064 -1.14264e-08
-6.24059e-09 -0.000589063 -1.13463e-08
-6.17427e-09 -0.000589065 -1.12928e-08
-6.43729e-09 -0.000589063 -1.11283e-08
-7.07321e-09 0.000375989 -1.0983e-08
-7.35619e-09 0.000375989 -1.09111e-08
-7.42825e-09 0.000375988 -1.07494e-08
-7.58099e-09 0.000375988 -1.09283e-08
-7.61601e-09 0.000375988 -1.08227e-08
-7.38082e-09 0.000375989 -1.08727e-08
-7.26954e-09 0.000375988 -1.08286e-08
-7.37479e-09 0.000375988 -1.09336e-08
-7.59879e-09 0.000375988 -1.08298e-08
-7.76016e-09 0.000375987 -1.08014e-08
-7.22709e-09 0.000375988 -1.08284e-08
-7.34183e-09 0.000375987 -1.09578e-08
-7.47854e-09 0.000375987 -1.08823e-08
-7.5873e-09 0.000375987 -1.08243e-08
-7.83442e-09 0.000375988 -1.07272e-08
-7.28934e-09 0.000375986 -1.08778e-08
-7.33361e-09 0.000375987 -1.08883e-08
-7.49155e-09 0.000375987 -1.07741e-08
-7.66623e-09 0.000375988 -1.07084e-08
-7.85746e-09 0.000375987 -1.07035e-08
-7.29563e-09 0.000375987 -1.07968e-08
-7.32019e-09 0.000375986 -1.07908e-08
-7.48678e-09 0.000375987 -1.08099e-08
-7.75013e-09 0.000375987 -1.06721e-08
-7.89328e-09 0.000375987 -1.07304e-08
-8.22321e-09 0.00136816 -9.56701e-09
-8.48471e-09 0.00136816 -9.61638e-09
-8.78348e-09 0.00136816 -9.78123e-09
-9.0676e-09 0.00136816 -9.65707e-09
-9.27807e-09 0.00136816 -9.71389e-09
-8.21034e-09 0.00136816 -9.74209e-09
-8.58737e-09 0.00136816 -9.6998e-09
-8.73484e-09 0.00136816 -9.77215e-09
-9.06289e-09 0.00136815 -9.70405e-09
-9.41607e-09 0.00136815 -9.69206e-09
-8.3089e-09 0.00136816 -9.72846e-09
-8.47726e-09 0.00136815 -9.78751e-09
-8.82151e-09 0.00136815 -9.68401e-09
-9.08822e-09 0.00136815 -9.74872e-09
-9.5249e-09 0.00136816 -9.72522e-09
-8.28801e-09 0.00136815 -9.66565e-09
-8.55553e-09 0.00136815 -9.7561e-09
-8.83541e-09 0.00136815 -9.68713e-09
-9.1851e-09 0.00136815 -9.65074e-09
-9.40112e-09 0.00136815 -9.6867e-09
-8.22467e-09 0.00136815 -9.62308e-09
-8.62481e-09 0.00136815 -9.67916e-09
-8.83935e-09 0.00136815 -9.67703e-09
-9.2499e-09 0.00136816 -9.68813e-09
-9.42888e-09 0.00136815 -9.64338e-09
-8.97947e-09 0.00236728 -8.02702e-09
-9.65595e-09 0.00236728 -8.06251e-09
-1.00761e-08 0.00236728 -7.91725e-09
-1.05357e-08 0.00236728 -8.06806e-09
-1.10149e-08 0.00236728 -8.01934e-09
-9.23712e-09 0.00236728 -7.8891e-09
-9.63623e-09 0.00236728 -7.9772e-09
-1.00437e-08 0.00236728 -7.98437e-09
-1.05265e-08 0.00236728 -8.05314e-09
-1.10284e-08 0.00236728 -8.02888e-09
-9.23894e-09 0.00236728 -7.9549e-09
-9.65551e-09 0.00236728 -8.03558e-09
-1.01458e-08 0.00236728 -8.03436e-09
-1.05686e-08 0.00236728 -8.00578e-09
-1.11175e-08 0.00236728 -8.1117e-09
-9.36203e-09 0.00236728 -7.95971e-09
-9.77339e-09 0.00236728 -8.0514e-09
-1.01223e-08 0.00236728 -8.03688e-09
-1.06126e-08 0.00236728 -8.10245e-09
-1.11356e-08 0.00236728 -8.0226e-09
-9.19105e-09 0.00236728 -8.00114e-09
-9.80049e-09 0.00236728 -7.94539e-09
-1.02047e-08 0.00236728 -7.97882e-09
-1.06477e-08 0.00236728 -8.107e-09
-1.11492e-08 0.00236728 -7.93005e-09
-1.02248e-08 0.00336932 -5.64606e-09
-1.07837e-08 0.00336932 -5.39576e-09
-1.13845e-08 0.00336932 -5.62079e-09
-1.2011e-08 0.00336932 -5.60561e-09
-1.24693e-08 0.00336932 -5.76611e-09
-1.02453e-08 0.00336932 -5.487e-09
-1.07772e-08 0.00336932 -5.70371e-09
-1.14261e-08 0.00336932 -5.66077e-09
-1.20073e-08 0.00336932 -5.76976e-09
-1.25364e-08 0.00336932 -5.66961e-09
-1.04226e-08 0.00336932 -5.61085e-09
-1.08056e-08 0.00336932 -5.6886e-09
-1.14143e-08 0.00336932 -5.79353e-09
-1.20283e-08 0.00336932 -5.76972e-09
-1.2524e-08 0.00336932 -5.51509e-09
-1.02007e-08 0.00336932 -5.62684e-09
-1.09307e-08 0.00336932 -5.58927e-09
-1.14389e-08 0.00336932 -5.70405e-09
-1.20476e-08 0.00336932 -5.6565e-09
-1.24085e-08 0.00336932 -5.65787e-09
-1.02997e-08 0.00336932 -5.58764e-09
-1.07169e-08 0.00336932 -5.88333e-09
-1.14964e-08 0.00336932 -5.64443e-09
-1.2007e-08 0.00336932 -5.72636e-09
-1.21594e-08 0.00336932 -5.65527e-09
-1.11765e-08 0.00438843 -2.82702e-09
-1.1909e-08 0.00438843 -3.00445e-09
-1.26779e-08 0.00438843 -3.01007e-09
-1.33574e-08 0.00438843 -3.0124e-09
-1.39418e-08 0.00438843 -2.76248e-09
-1.10545e-08 0.00438843 -2.78001e-09
-1.19987e-08 0.00438843 -2.92957e-09
-1.26958e-08 0.00438843 -2.93249e-09
-1.34348e-08 0.00438843 -2.86738e-09
-1.40412e-08 0.00438843 -2.88061e-09
-1.11699e-08 0.00438843 -2.93267e-09
-1.18881e-08 0.00438843 -2.75718e-09
-1.27651e-08 0.00438843 -2.81147e-09
-1.34402e-08 0.00438843 -3.08299e-09
-1.41829e-08 0.00438843 -2.85584e-09
-1.11683e-08 0.00438843 -2.78338e-09
-1.18908e-08 0.00438843 -2.90159e-09
-1.27413e-08 0.00438843 -2.95366e-09
-1.33999e-08 0.00438843 -2.88544e-09
-1.40845e-08 0.00438843 -2.8951e-09
-1.08013e-08 0.00438843 -2.71359e-09
-1.18618e-08 0.00438843 -2.86082e-09
-1.25385e-08 0.00438843 -3.00678e-09
-1.34046e-08 0.00438842 -3.07729e-09
-1.42217e-08 0.00438843 -2.854e-09
-1.22268e-08 0.00545644 3.21934e-10
-1.33038e-08 0.00545645 5.00018e-10
-1.37776e-08 0.00545644 3.13934e-10
-1.45912e-08 0.00545644 5.07797e-10
-1.51724e-08 0.00545644 4.35885e-10
-1.24041e-08 0.00545644 1.94504e-10
-1.29931e-08 0.00545644 1.90475e-10
-1.38402e-08 0.00545644 4.08559e-10
-1.47239e-08 0.00545644 3.06688e-10
-1.54316e-08 0.00545644 2.12997e-10
-1.20223e-08 0.00545644 2.18371e-10
-1.29521e-08 0.00545644 2.41123e-10
-1.38804e-08 0.00545644 2.45128e-10
-1.47611e-08 0.00545644 2.31847e-10
-1.51744e-08 0.00545644 3.69674e-10
-1.18155e-08 0.00545644 1.15105e-10
-1.3113e-08 0.00545644 2.36501e-10
-1.38282e-08 0.00545644 1.85515e-10
-1.46298e-08 0.00545644 1.93364e-10
-1.55688e-08 0.00545644 1.84605e-10
-1.17332e-08 0.00545644 2.08515e-10
-1.27485e-08 0.00545644 7.49512e-11
-1.37478e-08 0.00545644 1.78575e-10
-1.46266e-08 0.00545644 -8.753e-13
-1.53064e-08 0.00545644 1.38682e-10
-1.27077e-08 0.00661937 4.12487e-09
-1.42402e-08 0.00661937 3.85341e-09
-1.50971e-08 0.00661937 3.69278e-09
-1.54533e-08 0.00661937 3.54017e-09
-1.62811e-08 0.00661937 3.93801e-09
-1.31701e-08 0.00661937 3.68467e-09
-1.41636e-08 0.00661937 3.7251e-09
-1.47412e-08 0.00661937 3.62306e-09
-1.56074e-08 0.00661937 3.69115e-09
-1.6303e-08 0.00661937 3.69407e-09
-1.31921e-08 0.00661937 3.54899e-09
-1.4012e-08 0.00661937 3.4666e-09
-1.47572e-08 0.00661937 3.60665e-09
-1.56094e-08 0.00661937 3.54115e-09
-1.64929e-08 0.00661937 3.61892e-09
-1.30566e-08 0.00661937 3.50839e-09
-1.4031e-08 0.00661937 3.51261e-09
-1.48674e-08 0.00661937 3.64716e-09
-1.55509e-08 0.00661937 3.54199e-09
-1.62317e-08 0.00661937 3.58547e-09
-1.3073e-08 0.00661937 3.31396e-09
-1.38872e-08 0.00661937 3.72109e-09
-1.48869e-08 0.00661937 3.53527e-09
-1.57371e-08 0.00661937 3.40236e-09
-1.63205e-08 0.00661937 3.27197e-09
-1.43758e-08 0.00793059 7.25713e-09
-1.53065e-08 0.00793059 6.86419e-09
-1.59399e-08 0.00793059 7.39031e-09
-1.60217e-08 0.00793059 7.21965e-09
-1.76072e-08 0.00793059 7.4173e-09
-1.41501e-08 0.00793059 7.00895e-09
-1.50844e-08 0.00793059 7.12753e-09
-1.56208e-08 0.00793059 7.06392e-09
-1.64211e-08 0.00793059 7.04662e-09
-1.706e-08 0.00793059 7.01779e-09
-1.43498e-08 0.00793058 7.18817e-09
-1.48565e-08 0.00793059 6.93836e-09
-1.56231e-08 0.00793059 6.93514e-09
-1.64784e-08 0.00793059 7.01736e-09
-1.73027e-08 0.00793059 7.03291e-09
-1.41025e-08 0.00793059 6.50855e-09
-1.50919e-08 0.00793058 6.86289e-09
-1.57511e-08 0.00793059 6.97419e-09
-1.64601e-08 0.00793059 6.9347e-09
-1.72555e-08 0.00793059 6.79354e-09
-1.41242e-08 0.00793059 6.97967e-09
-1.50889e-08 0.00793059 7.02968e-09
-1.58525e-08 0.00793058 6.96087e-09
-1.68442e-08 0.00793059 6.80298e-09
-1.70469e-08 0.00793059 6.62599e-09
-1.54018e-08 0.00944106 1.01715e-08
-1.57356e-08 0.00944106 1.01078e-08
-1.61648e-08 0.00944107 1.02577e-08
-1.7178e-08 0.00944107 9.97413e-09
-1.78403e-08 0.00944106 1.03681e-08
-1.52946e-08 0.00944106 1.0112e-08
-1.60055e-08 0.00944106 1.01725e-08
-1.63078e-08 0.00944107 1.00822e-08
-1.71885e-08 0.00944107 1.0199e-08
-1.7317e-08 0.00944106 1.00346e-08
-1.50475e-08 0.00944106 1.02239e-08
-1.59935e-08 0.00944106 1.01865e-08
-1.64271e-08 0.00944107 1.01386e-08
-1.69694e-08 0.00944106 1.03873e-08
-1.81225e-08 0.00944106 1.00414e-08
-1.53026e-08 0.00944106 1.00889e-08
-1.59239e-08 0.00944107 9.97195e-09
-1.6655e-08 0.00944106 1.02445e-08
-1.73092e-08 0.00944106 9.99378e-09
-1.76667e-08 0.00944106 1.02676e-08
-1.53299e-08 0.00944106 1.02162e-08
-1.57714e-08 0.00944106 1.009e-08
-1.64169e-08 0.00944106 9.68437e-09
-1.73469e-08 0.00944106 1.03452e-08
-1.77551e-08 0.00944106 1.03291e-08
-1.57364e-08 0.0111876 1.25021e-08
-1.62749e-08 0.0111876 1.26918e-08
-1.71106e-08 0.0111876 1.27613e-08
-1.67966e-08 0.0111876 1.28775e-08
-1.78812e-08 0.0111876 1.31115e-08
-1.59443e-08 0.0111876 1.2855e-08
-1.6629e-08 0.0111876 1.27793e-08
-1.70768e-08 0.0111876 1.30646e-08
-1.72139e-08 0.0111876 1.30514e-08
-1.81973e-08 0.0111876 1.29614e-08
-1.58534e-08 0.0111876 1.29961e-08
-1.66719e-08 0.0111876 1.30328e-08
-1.7054e-08 0.0111876 1.31121e-08
-1.77324e-08 0.0111876 1.29288e-08
-1.77428e-08 0.0111876 1.30854e-08
-1.65641e-08 0.0111876 1.31405e-08
-1.65849e-08 0.0111876 1.30914e-08
-1.71125e-08 0.0111876 1.29584e-08
-1.74508e-08 0.0111876 1.33042e-08
-1.84238e-08 0.0111876 1.31454e-08
-1.63615e-08 0.0111876 1.27756e-08
-1.66696e-08 0.0111876 1.30102e-08
-1.67907e-08 0.0111876 1.28917e-08
-1.77161e-08 0.0111876 1.35005e-08
-1.86905e-08 0.0111876 1.37372e-08
-1.67182e-08 0.0131805 1.52372e-08
-1.71065e-08 0.0131805 1.49268e-08
-1.73599e-08 0.0131805 1.52048e-08
-1.7631e-08 0.0131805 1.48642e-08
-1.78461e-08 0.0131805 1.4925e-08
-1.6643e-08 0.0131805 1.52567e-08
-1.72213e-08 0.0131805 1.51373e-08
-1.73449e-08 0.0131805 1.54478e-08
-1.76919e-08 0.0131805 1.51557e-08
-1.83583e-08 0.0131805 1.49934e-08
-1.72899e-08 0.0131805 1.57301e-08
-1.71531e-08 0.0131805 1.56456e-08
-1.74045e-08 0.0131805 1.54469e-08
-1.78525e-08 0.0131805 1.55115e-08
-1.80006e-08 0.0131805 1.54998e-08
-1.69068e-08 0.0131805 1.56353e-08
-1.73229e-08 0.0131805 1.56868e-08
-1.74943e-08 0.0131805 1.57163e-08
-1.77758e-08 0.0131805 1.566e-08
-1.82603e-08 0.0131805 1.57868e-08
-1.60455e-08 0.0131805 1.5666e-08
-1.75954e-08 0.0131805 1.57825e-08
-1.75758e-08 0.0131805 1.5826e-08
-1.79551e-08 0.0131805 1.58242e-08
-1.81206e-08 0.0131805 1.56085e-08
-1.7354e-08 0.015394 1.64747e-08
-1.7485e-08 0.015394 1.68441e-08
-1.78376e-08 0.015394 1.64949e-08
-1.73616e-08 0.015394 1.67091e-08
-1.76199e-08 0.015394 1.6698e-08
-1.76675e-08 0.015394 1.68287e-08
-1.73978e-08 0.015394 1.71028e-08
-1.7542e-08 0.015394 1.70053e-08
-1.79174e-08 0.015394 1.68058e-08
-1.76653e-08 0.015394 1.68446e-08
-1.73179e-08 0.015394 1.74824e-08
-1.75352e-08 0.015394 1.73275e-08
-1.7694e-08 0.015394 1.73064e-08
-1.77622e-08 0.015394 1.70724e-08
-1.80099e-08 0.015394 1.71846e-08
-1.72358e-08 0.015394 1.74265e-08
-1.7495e-08 0.015394 1.75863e-08
-1.76901e-08 0.015394 1.74343e-08
-1.77684e-08 0.015394 1.74475e-08
-1.79991e-08 0.015394 1.70683e-08
-1.68979e-08 0.015394 1.78646e-08
-1.76917e-08 0.015394 1.75712e-08
-1.76809e-08 0.015394 1.79143e-08
-1.7587e-08 0.015394 1.74905e-08
-1.7558e-08 0.015394 1.72236e-08
-1.76366e-08 0.0177609 1.80586e-08
-1.74255e-08 0.0177609 1.77245e-08
-1.72401e-08 0.0177609 1.75294e-08
-1.7237e-08 0.0177609 1.76087e-08
-1.74643e-08 0.0177609 1.74965e-08
-1.71418e-08 0.0177609 1.79983e-08
-1.73701e-08 0.0177609 1.81527e-08
-1.7426e-08 0.0177609 1.7885e-08
-1.76355e-08 0.0177609 1.78184e-08
-1.74505e-08 0.0177609 1.77373e-08
-1.73845e-08 0.0177609 1.8235e-08
-1.74925e-08 0.0177609 1.83134e-08
-1.74462e-08 0.0177609 1.80569e-08
-1.73999e-08 0.0177609 1.81431e-08
-1.78393e-08 0.0177609 1.79434e-08
-1.7242e-08 0.0177609 1.84429e-08
-1.78183e-08 0.0177609 1.834e-08
-1.74816e-08 0.0177609 1.8695e-08
-1.76964e-08 0.0177609 1.83756e-08
-1.76347e-08 0.0177609 1.83032e-08
-1.81495e-08 0.0177609 1.82308e-08
-1.73107e-08 0.0177609 1.85607e-08
-1.75601e-08 0.0177609 1.77384e-08
-1.79913e-08 0.0177609 1.8506e-08
-1.69052e-08 0.0177609 1.84972e-08
-1.77445e-08 0.0201768 1.78755e-08
-1.75773e-08 0.0201768 1.75152e-08
-1.71468e-08 0.0201768 1.77254e-08
-1.65217e-08 0.0201768 1.78249e-08
-1.64969e-08 0.0201768 1.75609e-08
-1.71547e-08 0.0201768 1.81956e-08
-1.71732e-08 0.0201768 1.82572e-08
-1.6924e-08 0.0201768 1.79894e-08
-1.69916e-08 0.0201768 1.78036e-08
-1.67127e-08 0.0201768 1.77817e-08
-1.7238e-08 0.0201768 1.83081e-08
-1.7055e-08 0.0201768 1.87236e-08
-1.71125e-08 0.0201768 1.85775e-08
-1.71122e-08 0.0201768 1.84851e-08
-1.68855e-08 0.0201768 1.84142e-08
-1.75078e-08 0.0201768 1.86696e-08
-1.73173e-08 0.0201768 1.89135e-08
-1.69556e-08 0.0201768 1.88729e-08
-1.69427e-08 0.0201768 1.90641e-08
-1.70107e-08 0.0201768 1.92498e-08
-1.77506e-08 0.0201768 1.84058e-08
-1.72257e-08 0.0201768 1.91195e-08
-1.69337e-08 0.0201768 1.86111e-08
-1.66938e-08 0.0201768 1.94023e-08
-1.77142e-08 0.0201768 1.99348e-08
-1.6163e-08 0.022515 1.70528e-08
-1.64692e-08 0.0225149 1.7642e-08
-1.59254e-08 0.0225149 1.75109e-08
-1.53689e-08 0.0225149 1.7064e-08
-1.46465e-08 0.0225149 1.70986e-08
-1.66697e-08 0.0225149 1.7605e-08
-1.65743e-08 0.0225149 1.77525e-08
-1.60108e-08 0.0225149 1.79323e-08
-1.58352e-08 0.0225149 1.77358e-08
-1.50221e-08 0.0225149 1.72818e-08
-1.68965e-08 0.0225149 1.80113e-08
-1.61652e-08 0.0225149 1.81243e-08
-1.59978e-08 0.0225149 1.80249e-08
-1.58067e-08 0.0225149 1.80919e-08
-1.50339e-08 0.0225149 1.82185e-08
-1.64075e-08 0.0225149 1.88845e-08
-1.6009e-08 0.0225149 1.88492e-08
-1.60032e-08 0.0225149 1.87671e-08
-1.57609e-08 0.0225149 1.89509e-08
-1.61235e-08 0.0225149 1.86942e-08
-1.6974e-08 0.0225149 1.91531e-08
-1.6499e-08 0.0225149 1.84389e-08
-1.56525e-08 0.0225149 1.92326e-08
-1.52945e-08 0.0225149 1.89306e-08
-1.55938e-08 0.022515 1.9657e-08
-1.53528e-08 0.0246539 1.65218e-08
-1.47297e-08 0.0246539 1.70927e-08
-1.38823e-08 0.0246539 1.79074e-08
-1.39843e-08 0.0246539 1.65291e-08
-1.32441e-08 0.0246539 1.68685e-08
-1.63933e-08 0.0246539 1.73232e-08
-1.47325e-08 0.0246539 1.72094e-08
-1.41902e-08 0.0246539 1.73302e-08
-1.37895e-08 0.0246539 1.70775e-08
-1.33987e-08 0.0246539 1.69027e-08
-1.51402e-08 0.0246539 1.79223e-08
-1.47804e-08 0.0246539 1.75079e-08
-1.45173e-08 0.0246539 1.7261e-08
-1.4164e-08 0.0246539 1.73135e-08
-1.31107e-08 0.0246539 1.73347e-08
-1.48119e-08 0.0246539 1.85448e-08
-1.45437e-08 0.0246539 1.83339e-08
-1.4571e-08 0.0246539 1.81178e-08
-1.40115e-08 0.0246539 1.78473e-08
-1.35954e-08 0.0246539 1.76005e-08
-1.55709e-08 0.0246539 1.86004e-08
-1.52215e-08 0.0246539 1.86227e-08
-1.42579e-08 0.0246539 1.82332e-08
-1.44134e-08 0.0246539 1.81017e-08
-1.57084e-08 0.0246539 1.76609e-08
-1.29256e-08 0.0265157 1.63185e-08
-1.22429e-08 0.0265157 1.62585e-08
-1.20269e-08 0.0265157 1.58537e-08
-1.18393e-08 0.0265157 1.62125e-08
-1.17479e-08 0.0265157 1.55635e-08
-1.31607e-08 0.0265157 1.64286e-08
-1.2563e-08 0.0265157 1.62766e-08
-1.21968e-08 0.0265157 1.62182e-08
-1.16909e-08 0.0265157 1.65065e-08
-1.15397e-08 0.0265157 1.61585e-08
-1.27107e-08 0.0265157 1.69917e-08
-1.29892e-08 0.0265157 1.63819e-08
-1.2088e-08 0.0265157 1.6361e-08
-1.16456e-08 0.0265157 1.64244e-08
-1.0475e-08 0.0265157 1.618e-08
-1.23908e-08 0.0265157 1.6576e-08
-1.2785e-08 0.0265157 1.70469e-08
-1.26466e-08 0.0265157 1.64296e-08
-1.2002e-08 0.0265157 1.65765e-08
-1.15811e-08 0.0265157 1.60042e-08
-1.30459e-08 0.0265157 1.674e-08
-1.23799e-08 0.0265157 1.65084e-08
-1.28101e-08 0.0265157 1.65522e-08
-1.25725e-08 0.0265157 1.61589e-08
-1.21432e-08 0.0265157 1.56721e-08
-9.79159e-09 0.0281072 1.49533e-08
-9.46181e-09 0.0281072 1.53935e-08
-9.46165e-09 0.0281072 1.52582e-08
-9.35737e-09 0.0281072 1.43137e-08
-8.56478e-09 0.0281072 1.43259e-08
-1.07535e-08 0.0281072 1.54502e-08
-9.99789e-09 0.0281072 1.58856e-08
-9.47002e-09 0.0281072 1.54891e-08
-9.28839e-09 0.0281072 1.48485e-08
-8.088e-09 0.0281071 1.44041e-08
-1.08323e-08 0.0281072 1.50372e-08
-1.00172e-08 0.0281072 1.53874e-08
-9.74228e-09 0.0281072 1.48606e-08
-9.12094e-09 0.0281071 1.47089e-08
-8.16492e-09 0.0281071 1.41694e-08
-9.83533e-09 0.0281072 1.4612e-08
-1.03454e-08 0.0281072 1.55058e-08
-9.83179e-09 0.0281072 1.48898e-08
-9.15189e-09 0.0281071 1.45753e-08
-8.63307e-09 0.0281071 1.46523e-08
-1.01816e-08 0.0281072 1.44572e-08
-1.0635e-08 0.0281072 1.43532e-08
-9.92445e-09 0.0281072 1.41496e-08
-9.29047e-09 0.0281071 1.46044e-08
-9.02672e-09 0.0281071 1.35705e-08
-6.99281e-09 0.0295516 1.42021e-08
-6.16015e-09 0.0295516 1.4852e-08
-6.54015e-09 0.0295515 1.34032e-08
-7.22777e-09 0.0295516 1.35514e-08
-5.41822e-09 0.0295516 1.19816e-08
-7.21328e-09 0.0295516 1.43824e-08
-6.49092e-09 0.0295516 1.42315e-08
-6.70269e-09 0.0295516 1.44356e-08
-6.56416e-09 0.0295516 1.30447e-08
-5.17709e-09 0.0295516 1.2797e-08
-6.69481e-09 0.0295516 1.25883e-08
-7.04262e-09 0.0295516 1.3306e-08
-6.65376e-09 0.0295516 1.32765e-08
-5.93207e-09 0.0295516 1.27963e-08
-5.43872e-09 0.0295516 1.24219e-08
-6.43349e-09 0.0295516 1.31242e-08
-6.98476e-09 0.0295516 1.26861e-08
-6.72893e-09 0.0295516 1.25768e-08
-5.81264e-09 0.0295515 1.27264e-08
-5.31374e-09 0.0295516 1.22218e-08
-7.28704e-09 0.0295516 1.18735e-08
-7.33077e-09 0.0295516 1.24349e-08
-6.70886e-09 0.0295516 1.28327e-08
-5.80831e-09 0.0295516 1.20772e-08
-5.66194e-09 0.0295516 1.22079e-08
-2.71825e-10 0.0310894 1.09772e-08
-3.15789e-09 0.0310894 1.13822e-08
-3.1017e-09 0.0310894 1.08273e-08
-3.68222e-09 0.0310894 1.04079e-08
-2.94585e-09 0.0310894 9.8345e-09
-2.88744e-09 0.0310894 1.10734e-08
-2.44614e-09 0.0310894 1.115e-08
-2.77722e-09 0.0310894 1.06468e-08
-3.67469e-09 0.0310894 1.08026e-08
-2.32044e-09 0.0310894 1.02971e-08
-3.0988e-09 0.0310894 1.10322e-08
-2.60105e-09 0.0310894 1.09982e-08
-2.94887e-09 0.0310894 1.10176e-08
-2.66776e-09 0.0310894 1.07683e-08
-2.75864e-09 0.0310894 1.0443e-08
-2.41059e-09 0.0310894 9.78275e-09
-3.35332e-09 0.0310894 1.02107e-08
-1.96577e-09 0.0310894 1.05085e-08
-1.83515e-09 0.0310894 1.00339e-08
-1.72205e-09 0.0310894 9.66392e-09
-3.30531e-09 0.0310894 9.69976e-09
-2.79594e-09 0.0310894 9.50282e-09
-2.89503e-09 0.0310894 9.60515e-09
-2.72682e-09 0.0310894 1.00793e-08
-3.60493e-10 0.0310894 9.58184e-09
9.64583e-10 0.0330243 8.3796e-09
1.31176e-09 0.0330243 6.96606e-09
6.69047e-10 0.0330243 7.52193e-09
-1.51701e-10 0.0330243 7.16494e-09
7.67088e-10 0.0330243 7.66794e-09
1.06024e-09 0.0330243 7.47401e-09
1.12907e-09 0.0330243 7.28057e-09
8.35769e-10 0.0330243 7.47705e-09
3.89566e-10 0.0330243 7.46974e-09
3.8952e-10 0.0330243 7.80029e-09
1.07835e-09 0.0330243 7.66945e-09
1.15126e-09 0.0330243 7.28326e-09
1.51454e-09 0.0330243 7.97133e-09
1.18157e-09 0.0330243 7.71305e-09
9.54117e-10 0.0330243 7.57452e-09
1.65098e-09 0.0330243 6.36486e-09
6.7468e-10 0.0330243 7.19609e-09
1.22652e-09 0.0330243 7.24079e-09
1.96829e-09 0.0330243 7.40317e-09
2.83209e-09 0.0330243 6.60333e-09
1.69746e-09 0.0330243 5.30751e-09
6.90409e-10 0.0330243 6.10426e-09
2.13739e-09 0.0330243 6.80266e-09
2.62967e-09 0.0330243 7.51069e-09
2.69478e-09 0.0330243 4.87307e-09
6.74889e-09 0.0355932 -6.87184e-10
4.11232e-09 0.0355932 2.60414e-09
4.88242e-09 0.0355932 4.08138e-09
5.45702e-09 0.0355932 4.17161e-09
5.34658e-09 0.0355932 4.23326e-09
4.26406e-09 0.0355932 1.95656e-09
4.65981e-09 0.0355932 1.77056e-09
5.31611e-09 0.0355932 3.82386e-09
4.88819e-09 0.0355932 4.0249e-09
4.27006e-09 0.0355932 3.99668e-09
5.28742e-09 0.0355932 1.83254e-09
4.32632e-09 0.0355932 1.55858e-09
5.41509e-09 0.0355932 2.80131e-09
5.80252e-09 0.0355932 4.22635e-09
5.33194e-09 0.0355932 3.81087e-09
5.11647e-09 0.0355932 1.22733e-09
4.06319e-09 0.0355932 1.63816e-09
6.24036e-09 0.0355932 2.98172e-09
7.28168e-09 0.0355932 2.37371e-09
7.65538e-09 0.0355932 2.32499e-09
3.75756e-09 0.0355932 -5.44873e-10
4.1131e-09 0.0355932 2.43231e-09
5.99194e-09 0.0355932 3.03647e-09
6.98408e-09 0.0355932 2.61285e-09
1.0594e-08 0.0355932 4.23607e-09
6.11349e-09 0.0387646 -6.57181e-09
1.05511e-08 0.0387646 -3.2524e-09
1.02535e-08 0.0387646 -8.30013e-10
1.0591e-08 0.0387646 2.33364e-09
1.06648e-08 0.0387646 9.17453e-10
3.92404e-09 0.0387646 -7.18288e-09
7.68214e-09 0.0387646 -2.95941e-09
9.3595e-09 0.0387646 -9.39792e-10
1.00269e-08 0.0387646 1.88973e-09
1.14148e-08 0.0387646 1.61505e-09
5.56641e-09 0.0387646 -3.60849e-09
8.02002e-09 0.0387646 -3.9765e-09
1.04763e-08 0.0387646 -2.53497e-09
1.16351e-08 0.0387646 -6.27267e-10
1.26243e-08 0.0387646 1.81057e-09
5.20703e-09 0.0387646 -1.43709e-09
7.62532e-09 0.0387646 -3.56503e-09
9.79744e-09 0.0387646 -2.77247e-09
1.39477e-08 0.0387646 -4.31251e-09
1.42065e-08 0.0387646 -2.53688e-09
4.71928e-09 0.0387645 -2.89154e-09
9.21801e-09 0.0387646 -2.3866e-09
1.22598e-08 0.0387646 -3.48394e-09
1.50408e-08 0.0387646 -4.48508e-09
1.50357e-08 0.0387647 -3.25355e-09
3.6905e-09 0.0420317 -1.39772e-08
1.38319e-08 0.0420317 -2.31628e-09
1.17629e-08 0.0420317 -5.15638e-09
1.07397e-08 0.0420317 3.86518e-09
2.10521e-08 0.0420317 1.5141e-08
2.94369e-09 0.0420317 -6.2546e-09
8.59189e-09 0.0420317 -4.4804e-09
1.49517e-08 0.0420317 -2.11287e-09
1.62382e-08 0.0420317 -2.9052e-09
1.36536e-08 0.0420317 1.23791e-08
5.67172e-09 0.0420316 -1.19402e-08
9.73327e-09 0.0420317 -9.17163e-09
1.69114e-08 0.0420316 -5.53382e-09
1.88341e-08 0.0420317 5.14865e-09
1.59119e-08 0.0420317 -5.99044e-10
1.00217e-08 0.0420316 -6.5458e-09
8.05711e-09 0.0420316 -9.42609e-09
1.51837e-08 0.0420317 -9.58713e-09
2.30623e-08 0.0420317 -1.34229e-08
2.77535e-08 0.0420317 -1.51151e-08
9.84451e-09 0.0420317 -1.3189e-08
7.56368e-09 0.0420316 -3.41637e-09
1.58908e-08 0.0420316 -9.43652e-09
2.72485e-08 0.0420317 -1.46045e-08
2.95975e-08 0.0420318 -2.58892e-08
1.65667e-08 0.0444042 -1.75472e-08
-7.50333e-11 0.0444039 -3.17074e-09
1.53332e-08 0.0444041 -3.05706e-08
4.74513e-08 0.044404 1.47834e-08
9.95198e-09 0.0444039 1.92003e-08
-7.3901e-09 0.044404 -9.84176e-09
1.91971e-08 0.0444041 -1.09133e-08
2.18424e-08 0.0444039 -6.36362e-09
2.41865e-08 0.0444039 2.37463e-08
9.02457e-09 0.0444041 1.11714e-08
-9.78218e-10 0.0444039 -4.54284e-09
1.40249e-08 0.0444039 -2.29453e-09
1.82723e-08 0.0444041 -3.86308e-10
2.54241e-08 0.0444039 -7.22947e-09
2.39599e-08 0.0444043 1.3495e-08
1.3549e-08 0.0444039 4.95179e-09
7.48435e-09 0.044404 -1.4363e-08
1.21514e-08 0.0444039 -2.24111e-08
3.09474e-08 0.044404 -6.62141e-09
5.76458e-08 0.0444041 -1.0719e-09
1.13538e-08 0.0444039 -1.35844e-08
1.77635e-08 0.0444039 -3.07883e-08
1.34563e-08 0.0444039 -1.96712e-08
2.97601e-08 0.0444039 -2.29689e-08
9.64792e-08 0.0444038 -2.01771e-08
-2.69306e-08 0.0450616 -3.50739e-08
9.27776e-09 0.0450613 -2.96833e-08
5.25492e-08 0.0450619 -1.42566e-08
3.23671e-08 0.0450608 -8.88599e-09
-7.64805e-09 0.0450613 -1.17088e-08
-3.67226e-09 0.0450617 -2.16503e-08
2.55837e-08 0.0450613 -1.55202e-08
3.44158e-08 0.0450613 -1.09575e-08
1.66675e-08 0.0450617 -7.41181e-09
-3.92441e-09 0.0450615 3.69505e-09
4.15852e-09 0.0450613 2.3545e-08
8.95691e-09 0.0450615 -4.6299e-09
2.59545e-08 0.0450617 -1.05966e-08
1.47621e-08 0.0450617 2.32347e-09
2.59598e-08 0.0450615 -9.97449e-09
4.41621e-08 0.0450619 -1.13675e-09
1.36466e-08 0.045061 6.2208e-09
-6.23567e-09 0.0450616 -7.78255e-09
3.90187e-08 0.0450615 -2.36817e-08
4.23238e-08 0.0450621 1.98838e-09
3.42167e-08 0.0450618 -5.50631e-08
-1.34009e-08 0.0450615 -2.55154e-08
-6.69183e-09 0.0450613 -3.25165e-08
6.64018e-08 0.0450608 -4.676e-08
9.14374e-08 0.0450624 -4.19504e-11
-9.91977e-08 0.0456076 -2.77713e-08
7.34658e-08 0.045607 2.13827e-08
5.7185e-09 0.0456065 5.86294e-09
4.49965e-08 0.045607 -2.28108e-08
1.22336e-08 0.0456064 -2.12902e-08
-1.33352e-08 0.0456067 1.67827e-09
1.54301e-08 0.0456067 -1.82448e-08
3.66142e-08 0.0456069 -2.00272e-08
2.5702e-08 0.0456064 -2.33524e-08
8.24201e-09 0.045607 -1.39732e-08
3.55819e-08 0.045607 6.44228e-10
-3.04817e-09 0.0456066 6.41762e-11
1.48532e-08 0.0456066 -8.1598e-09
1.58089e-08 0.0456069 -9.02008e-09
-4.78562e-08 0.0456071 -1.37053e-08
6.44366e-09 0.045607 -1.06489e-08
4.08352e-09 0.045607 -1.24421e-08
-2.15618e-09 0.0456066 4.47824e-09
1.31428e-08 0.0456073 2.30034e-09
5.98685e-08 0.0456065 -2.2223e-08
1.26664e-08 0.0456069 -2.79694e-08
2.52782e-08 0.0456066 1.09634e-08
1.57561e-08 0.0456066 -6.38602e-09
4.2385e-08 0.0456069 2.37635e-08
9.4622e-08 0.0456064 2.19484e-09
0 0.05 0
0 0.05 0
0 0.05 0
0 0.05 0
0 0.05 0
0 0.05 0
0 0.05 0
0 0.05 0
0 0.05 0
0 0.05 0
0 0.05 0
0 0.05 0
0 0.05 0
0 0.05 0
0 0.05 0
0 0.05 0
0 0.05 0
0 0.05 0
0 0.05 0
0 0.05 0
0 0.05 0
0 0.05 0
0 0.05 0
0 0.05 0
0 0.05 0
