0 0 0
0 0 0
0 0 0
0 0 0
0 0 0
0 0 0
0 0 0
0 0 0
0 0 0
0 0 0
0 0 0
0 0 0
0 0 0
0 0 0
0 0 0
0 0 0
0 0 0
0 0 0
0 0 0
0 0 0
0 0 0
0 0 0
0 0 0
0 0 0
0 0 0
-4.98435e-10 0.00126742 2.49605e-10
-5.64254e-10 0.00126742 2.66412e-10
-5.84824e-10 0.00126742 2.66723e-10
-6.16548e-10 0.00126742 2.92138e-10
-6.70257e-10 0.00126742 2.80843e-10
-5.1233e-10 0.00126742 2.57617e-10
-5.53851e-10 0.00126742 2.5547e-10
-5.8199e-10 0.00126742 2.67538e-10
-6.09634e-10 0.00126742 2.73336e-10
-6.25622e-10 0.00126742 2.67148e-10
-5.07436e-10 0.00126742 2.51502e-10
-5.59155e-10 0.00126742 2.64558e-10
-5.81734e-10 0.00126742 2.40213e-10
-6.00722e-10 0.00126742 2.51711e-10
-6.40209e-10 0.00126742 2.62054e-10
-4.71724e-10 0.00126742 2.68867e-10
-5.53525e-10 0.00126742 2.54355e-10
-5.74024e-10 0.00126742 2.72604e-10
-6.05581e-10 0.00126742 2.6869e-10
-6.89698e-10 0.00126742 2.79471e-10
-4.58751e-10 0.00126742 2.84227e-10
-5.40418e-10 0.00126742 2.77411e-10
-5.83872e-10 0.00126742 2.76885e-10
-6.41281e-10 0.00126742 3.03223e-10
-6.41766e-10 0.00126742 2.88046e-10
-1.05079e-09 0.00253474 5.23862e-10
-1.09645e-09 0.00253474 5.32537e-10
-1.13668e-09 0.00253474 5.44062e-10
-1.18338e-09 0.00253474 5.67902e-10
-1.21459e-09 0.00253474 5.04531e-10
-1.10745e-09 0.00253474 5.22357e-10
-1.09294e-09 0.00253474 5.41659e-10
-1.15075e-09 0.00253474 5.4041e-10
-1.18145e-09 0.00253474 5.48275e-10
-1.19802e-09 0.00253474 5.58875e-10
-1.06242e-09 0.00253474 5.30387e-10
-1.10987e-09 0.00253474 5.26751e-10
-1.15096e-09 0.00253474 5.18878e-10
-1.19338e-09 0.00253474 5.44388e-10
-1.19943e-09 0.00253474 5.62504e-10
-1.01958e-09 0.00253474 5.32399e-10
-1.10356e-09 0.00253474 5.12118e-10
-1.13977e-09 0.00253474 5.29127e-10
-1.21156e-09 0.00253474 5.58426e-10
-1.21302e-09 0.00253474 5.31693e-10
-9.787e-10 0.00253474 5.71695e-10
-1.0858e-09 0.00253474 5.05841e-10
-1.13599e-09 0.00253474 5.42217e-10
-1.19049e-09 0.00253474 5.38564e-10
-1.33792e-09 0.00253474 5.54244e-10
-1.684e-09 0.00380184 7.78045e-10
-1.61777e-09 0.00380184 7.75647e-10
-1.65322e-09 0.00380184 8.92114e-10
-1.77315e-09 0.00380184 7.79507e-10
-1.75234e-09 0.00380184 7.94344e-10
-1.60963e-09 0.00380184 8.23754e-10
-1.6478e-09 0.00380184 8.02029e-10
-1.65589e-09 0.00380184 8.36674e-10
-1.72979e-09 0.00380184 8.52949e-10
-1.71316e-09 0.00380184 8.11954e-10
-1.64032e-09 0.00380184 8.00985e-10
-1.65789e-09 0.00380184 7.97024e-10
-1.69078e-09 0.00380184 8.38886e-10
-1.71334e-09 0.00380184 8.42029e-10
-1.71035e-09 0.00380184 8.23323e-10
-1.57898e-09 0.00380184 7.99629e-10
-1.64855e-09 0.00380184 7.85634e-10
-1.69749e-09 0.00380184 8.06272e-10
-1.73584e-09 0.00380184 8.15045e-10
-1.74501e-09 0.00380184 8.13595e-10
-1.55196e-09 0.00380184 7.74421e-10
-1.65267e-09 0.00380184 7.43536e-10
-1.67074e-09 0.00380184 7.36647e-10
-1.74002e-09 0.00380184 7.86422e-10
-1.82866e-09 0.00380184 7.7943e-10
-2.1062e-09 0.00506862 1.08589e-09
-2.07412e-09 0.00506862 1.1214e-09
-2.12318e-09 0.00506862 1.10809e-09
-2.25963e-09 0.00506862 1.05484e-09
-2.13075e-09 0.00506862 1.10812e-09
-2.16396e-09 0.00506862 1.08257e-09
-2.15538e-09 0.00506862 1.0672e-09
-2.14643e-09 0.00506862 1.06792e-09
-2.21888e-09 0.00506862 1.03508e-09
-2.19535e-09 0.00506862 1.09475e-09
-2.14685e-09 0.00506862 1.05328e-09
-2.18427e-09 0.00506862 1.06288e-09
-2.17237e-09 0.00506862 1.06271e-09
-2.19813e-09 0.00506862 1.09466e-09
-2.15546e-09 0.00506862 1.07202e-09
-2.10829e-09 0.00506862 1.03902e-09
-2.17765e-09 0.00506862 1.03804e-09
-2.18184e-09 0.00506862 1.05969e-09
-2.22032e-09 0.00506862 1.10156e-09
-2.22749e-09 0.00506862 1.10523e-09
-2.11187e-09 0.00506862 1.06702e-09
-2.16029e-09 0.00506862 1.07103e-09
-2.16477e-09 0.00506862 1.02995e-09
-2.19433e-09 0.00506862 1.12348e-09
-2.18164e-09 0.00506861 1.1056e-09
-2.63914e-09 0.00633497 1.45808e-09
-2.5804e-09 0.00633497 1.39948e-09
-2.62677e-09 0.00633497 1.33586e-09
-2.62524e-09 0.00633497 1.29532e-09
-2.66484e-09 0.00633497 1.3479e-09
-2.56261e-09 0.00633497 1.36777e-09
-2.65645e-09 0.00633497 1.39382e-09
-2.62733e-09 0.00633497 1.33069e-09
-2.64311e-09 0.00633497 1.34084e-09
-2.66255e-09 0.00633497 1.34789e-09
-2.65007e-09 0.00633497 1.30586e-09
-2.64959e-09 0.00633497 1.30481e-09
-2.62918e-09 0.00633497 1.40773e-09
-2.67635e-09 0.00633497 1.40088e-09
-2.53261e-09 0.00633497 1.46654e-09
-2.62638e-09 0.00633497 1.32077e-09
-2.63213e-09 0.00633497 1.3606e-09
-2.57849e-09 0.00633497 1.40306e-09
-2.70069e-09 0.00633497 1.46461e-09
-2.62741e-09 0.00633497 1.42899e-09
-2.69687e-09 0.00633497 1.31828e-09
-2.58096e-09 0.00633497 1.32344e-09
-2.58641e-09 0.00633497 1.42953e-09
-2.63562e-09 0.00633497 1.38679e-09
-2.73336e-09 0.00633497 1.50174e-09
-2.8609e-09 0.00760079 1.71405e-09
-3.12204e-09 0.00760079 1.61008e-09
-3.00079e-09 0.00760079 1.5537e-09
-3.14827e-09 0.00760079 1.65357e-09
-2.96645e-09 0.00760079 1.68851e-09
-3.05125e-09 0.00760079 1.66691e-09
-3.07056e-09 0.00760079 1.6206e-09
-3.02899e-09 0.00760079 1.67166e-09
-3.06137e-09 0.00760079 1.65515e-09
-2.99267e-09 0.00760079 1.6715e-09
-3.13902e-09 0.00760079 1.63015e-09
-3.05537e-09 0.00760079 1.61227e-09
-2.99583e-09 0.00760079 1.60902e-09
-3.01402e-09 0.00760079 1.6739e-09
-3.15274e-09 0.00760079 1.69037e-09
-3.15329e-09 0.00760079 1.66166e-09
-3.01588e-09 0.00760079 1.63086e-09
-2.98995e-09 0.00760079 1.68413e-09
-3.03439e-09 0.00760079 1.66798e-09
-3.15136e-09 0.00760079 1.64014e-09
-3.10047e-09 0.00760079 1.66136e-09
-2.98183e-09 0.00760079 1.66208e-09
-2.98562e-09 0.00760079 1.6587e-09
-3.09393e-09 0.00760079 1.68305e-09
-3.07735e-09 0.00760079 1.59315e-09
-3.49617e-09 0.00886599 1.93133e-09
-3.48214e-09 0.00886599 1.8479e-09
-3.32337e-09 0.00886599 2.06127e-09
-3.30733e-09 0.00886599 1.65204e-09
-3.48431e-09 0.00886599 2.01824e-09
-3.45827e-09 0.00886599 1.8345e-09
-3.39875e-09 0.00886599 1.88075e-09
-3.39313e-09 0.00886599 1.88659e-09
-3.35336e-09 0.00886599 1.94356e-09
-3.39352e-09 0.00886599 1.81021e-09
-3.45595e-09 0.00886599 2.00977e-09
-3.4324e-09 0.00886599 1.90415e-09
-3.39237e-09 0.00886599 1.95894e-09
-3.37857e-09 0.00886599 1.79407e-09
-3.42278e-09 0.00886599 1.82783e-09
-3.50208e-09 0.00886599 1.90502e-09
-3.4201e-09 0.00886599 1.95734e-09
-3.40175e-09 0.00886599 1.83375e-09
-3.39948e-09 0.00886599 1.84814e-09
-3.3871e-09 0.00886599 1.78698e-09
-3.40973e-09 0.00886599 2.0116e-09
-3.39046e-09 0.00886599 1.85072e-09
-3.34873e-09 0.00886599 1.87868e-09
-3.40291e-09 0.00886599 1.88405e-09
-3.58642e-09 0.00886599 1.75183e-09
-3.5652e-09 0.0101305 2.0569e-09
-3.66893e-09 0.0101305 2.25054e-09
-3.46193e-09 0.0101305 2.02299e-09
-3.73747e-09 0.0101305 2.13646e-09
-3.4637e-09 0.0101305 1.90118e-09
-3.87908e-09 0.0101305 2.13166e-09
-3.65875e-09 0.0101305 2.14206e-09
-3.62718e-09 0.0101305 2.10665e-09
-3.71666e-09 0.0101305 2.02496e-09
-3.61757e-09 0.0101305 2.05384e-09
-3.85283e-09 0.0101305 2.20711e-09
-3.74198e-09 0.0101305 2.14202e-09
-3.64779e-09 0.0101305 2.0289e-09
-3.79797e-09 0.0101305 2.09343e-09
-3.456e-09 0.0101305 2.06857e-09
-3.74221e-09 0.0101305 2.10228e-09
-3.76778e-09 0.0101305 2.18056e-09
-3.72947e-09 0.0101305 2.15344e-09
-3.77095e-09 0.0101305 2.08197e-09
-3.66177e-09 0.0101305 2.08953e-09
-3.613e-09 0.0101305 2.14045e-09
-3.84036e-09 0.0101305 2.07252e-09
-3.8284e-09 0.0101305 2.07116e-09
-3.7477e-09 0.0101305 2.03658e-09
-3.78763e-09 0.0101305 2.16862e-09
-3.77357e-09 0.0113941 2.25151e-09
-3.9259e-09 0.0113941 2.27238e-09
-3.91323e-09 0.0113941 2.12959e-09
-3.92294e-09 0.0113941 2.20369e-09
-3.43328e-09 0.0113941 2.27273e-09
-3.91428e-09 0.0113941 2.25876e-09
-4.02306e-09 0.0113941 2.26572e-09
-3.98168e-09 0.0113941 2.28741e-09
-3.87404e-09 0.0113941 2.17067e-09
-3.7638e-09 0.0113941 2.18699e-09
-4.15788e-09 0.0113941 2.21209e-09
-4.0633e-09 0.0113941 2.29659e-09
-3.91991e-09 0.0113941 2.18474e-09
-3.93367e-09 0.0113941 2.25931e-09
-3.79217e-09 0.0113941 2.41594e-09
-4.0282e-09 0.0113941 2.1669e-09
-3.97669e-09 0.0113941 2.20608e-09
-4.0013e-09 0.0113941 2.35888e-09
-3.92588e-09 0.0113941 2.41746e-09
-3.76916e-09 0.0113941 2.31124e-09
-4.06859e-09 0.0113941 2.11211e-09
-3.86614e-09 0.0113941 2.27323e-09
-4.04229e-09 0.0113941 2.23088e-09
-4.01643e-09 0.0113941 2.2909e-09
-4.089e-09 0.0113941 2.31319e-09
-4.04471e-09 0.0126569 2.52092e-09
-4.21565e-09 0.0126569 2.35267e-09
-4.09408e-09 0.0126569 2.42351e-09
-3.79985e-09 0.0126569 2.46018e-09
-3.9721e-09 0.0126569 2.5981e-09
-4.41558e-09 0.0126569 2.43262e-09
-4.21673e-09 0.0126569 2.49002e-09
-4.09076e-09 0.0126569 2.32578e-09
-3.98499e-09 0.0126569 2.40895e-09
-3.65491e-09 0.0126569 2.44388e-09
-4.34854e-09 0.0126569 2.37525e-09
-4.19252e-09 0.0126569 2.43293e-09
-4.19251e-09 0.0126569 2.50796e-09
-4.02725e-09 0.0126569 2.53892e-09
-3.88884e-09 0.0126569 2.3794e-09
-4.30531e-09 0.0126569 2.32024e-09
-4.21146e-09 0.0126569 2.27506e-09
-4.14517e-09 0.0126569 2.5201e-09
-4.1466e-09 0.0126569 2.41725e-09
-3.97902e-09 0.0126569 2.52989e-09
-4.31776e-09 0.0126569 2.34958e-09
-4.17532e-09 0.0126569 2.31704e-09
-4.11469e-09 0.0126569 2.27607e-09
-4.36129e-09 0.0126569 2.69431e-09
-4.2867e-09 0.0126569 2.38516e-09
-4.46525e-09 0.0139187 2.62795e-09
-4.52858e-09 0.0139187 2.64192e-09
-4.26063e-09 0.0139187 2.63475e-09
-4.02249e-09 0.0139187 2.75869e-09
-4.03545e-09 0.0139187 2.90324e-09
-4.58702e-09 0.0139187 2.72557e-09
-4.42708e-09 0.0139187 2.61573e-09
-4.26802e-09 0.0139187 2.57494e-09
-4.0832e-09 0.0139187 2.67647e-09
-3.82683e-09 0.0139187 2.68372e-09
-4.55275e-09 0.0139187 2.59728e-09
-4.35051e-09 0.0139187 2.62761e-09
-4.34984e-09 0.0139187 2.62767e-09
-4.2631e-09 0.0139187 2.61147e-09
-3.78747e-09 0.0139187 2.67872e-09
-4.54009e-09 0.0139187 2.64533e-09
-4.39114e-09 0.0139187 2.5225e-09
-4.27177e-09 0.0139187 2.51288e-09
-4.27079e-09 0.0139187 2.7288e-09
-4.1775e-09 0.0139187 2.66614e-09
-4.77995e-09 0.0139187 2.64665e-09
-4.32227e-09 0.0139187 2.60034e-09
-4.32185e-09 0.0139187 2.48661e-09
-3.99001e-09 0.0139187 2.67123e-09
-4.72796e-09 0.0139187 2.91397e-09
-4.75678e-09 0.0151795 2.90508e-09
-4.39722e-09 0.0151795 3.00237e-09
-4.40973e-09 0.0151795 3.17249e-09
-4.2184e-09 0.0151795 2.73606e-09
-4.26936e-09 0.0151795 2.59109e-09
-4.43847e-09 0.0151795 2.8409e-09
-4.52686e-09 0.0151795 2.82979e-09
-4.36152e-09 0.0151795 2.80875e-09
-4.28122e-09 0.0151795 2.85583e-09
-4.15608e-09 0.0151795 2.81256e-09
-4.43615e-09 0.0151795 2.73975e-09
-4.48181e-09 0.0151795 2.66445e-09
-4.31555e-09 0.0151795 2.66289e-09
-4.3184e-09 0.0151795 2.81432e-09
-4.12098e-09 0.0151795 2.90815e-09
-4.57686e-09 0.0151795 2.81823e-09
-4.51414e-09 0.0151795 2.72424e-09
-4.2785e-09 0.0151795 2.63302e-09
-4.32786e-09 0.0151795 2.91601e-09
-4.24014e-09 0.0151795 2.74823e-09
-4.36165e-09 0.0151795 2.79764e-09
-4.45431e-09 0.0151795 2.73736e-09
-4.13642e-09 0.0151795 2.63382e-09
-4.40268e-09 0.0151795 2.57325e-09
-4.27843e-09 0.0151795 2.87776e-09
-4.35511e-09 0.0164391 2.80112e-09
-4.35873e-09 0.0164391 3.07113e-09
-4.44635e-09 0.0164391 2.95585e-09
-4.52782e-09 0.0164391 2.62509e-09
-3.91369e-09 0.0164391 2.746e-09
-4.40372e-09 0.0164391 2.8257e-09
-4.50314e-09 0.0164391 2.91817e-09
-4.40628e-09 0.0164391 2.82792e-09
-4.19327e-09 0.0164391 2.92596e-09
-4.19807e-09 0.0164391 2.8243e-09
-4.61947e-09 0.0164391 2.84877e-09
-4.5201e-09 0.0164391 2.91331e-09
-4.25455e-09 0.0164391 2.89407e-09
-4.22328e-09 0.0164391 2.78223e-09
-4.21532e-09 0.0164391 2.82933e-09
-4.64748e-09 0.0164391 2.92491e-09
-4.40695e-09 0.0164391 2.78718e-09
-4.20081e-09 0.0164391 2.88574e-09
-4.31609e-09 0.0164391 2.91996e-09
-4.06588e-09 0.0164391 2.85169e-09
-4.53309e-09 0.0164391 2.95377e-09
-4.48604e-09 0.0164391 2.9652e-09
-4.42597e-09 0.0164391 3.04497e-09
-4.10806e-09 0.0164391 3.0863e-09
-4.28233e-09 0.0164391 2.75379e-09
-4.25455e-09 0.0176976 2.8713e-09
-4.12747e-09 0.0176976 2.60974e-09
-4.29901e-09 0.0176976 2.50488e-09
-4.26673e-09 0.0176976 2.53214e-09
-4.31776e-09 0.0176976 3.07247e-09
-4.14733e-09 0.0176976 2.85546e-09
-4.29017e-09 0.0176976 2.81134e-09
-4.26781e-09 0.0176976 2.74935e-09
-4.22831e-09 0.0176976 2.75529e-09
-4.2159e-09 0.0176976 2.78089e-09
-4.51016e-09 0.0176976 2.91723e-09
-4.35362e-09 0.0176976 2.90339e-09
-4.17432e-09 0.0176976 3.08448e-09
-4.22282e-09 0.0176976 2.60364e-09
-4.18199e-09 0.0176976 2.60565e-09
-4.68807e-09 0.0176976 2.9725e-09
-4.37511e-09 0.0176976 3.06038e-09
-4.09158e-09 0.0176976 2.90796e-09
-4.28371e-09 0.0176976 2.67647e-09
-4.17623e-09 0.0176976 2.80898e-09
-4.43279e-09 0.0176976 3.05519e-09
-4.22648e-09 0.0176976 2.76403e-09
-4.05099e-09 0.0176976 2.8863e-09
-4.24672e-09 0.0176976 3.07892e-09
-4.21097e-09 0.0176976 2.89529e-09
-4.19028e-09 0.0189548 2.56127e-09
-4.1419e-09 0.0189548 2.46773e-09
-4.16615e-09 0.0189548 2.49135e-09
-3.89249e-09 0.0189548 2.39922e-09
-3.98904e-09 0.0189548 2.40264e-09
-4.33972e-09 0.0189548 2.59265e-09
-4.1074e-09 0.0189548 2.56074e-09
-4.02927e-09 0.0189548 2.48422e-09
-4.06004e-09 0.0189548 2.55551e-09
-3.92139e-09 0.0189548 2.43211e-09
-4.18783e-09 0.0189548 2.77869e-09
-4.14303e-09 0.0189548 2.58686e-09
-4.10874e-09 0.0189548 2.51335e-09
-4.12621e-09 0.0189548 2.39806e-09
-3.85475e-09 0.0189548 2.27198e-09
-4.25916e-09 0.0189548 2.63102e-09
-4.28812e-09 0.0189548 2.67637e-09
-4.14475e-09 0.0189548 2.65705e-09
-4.07753e-09 0.0189548 2.48482e-09
-4.01617e-09 0.0189548 2.60633e-09
-3.94831e-09 0.0189548 2.66889e-09
-4.32394e-09 0.0189548 2.50532e-09
-4.14522e-09 0.0189548 2.49264e-09
-4.17236e-09 0.0189548 2.47062e-09
-4.04105e-09 0.0189548 2.74081e-09
-4.905e-09 0.0202108 2.19013e-09
-3.81507e-09 0.0202108 2.27147e-09
-3.89295e-09 0.0202108 2.53492e-09
-3.81972e-09 0.0202108 2.36264e-09
-3.46074e-09 0.0202108 2.24182e-09
-4.09025e-09 0.0202108 2.30905e-09
-3.94708e-09 0.0202108 2.40331e-09
-3.73708e-09 0.0202108 2.30082e-09
-3.96498e-09 0.0202108 2.35316e-09
-3.65958e-09 0.0202108 2.27035e-09
-3.91137e-09 0.0202108 2.38415e-09
-4.13031e-09 0.0202108 2.38776e-09
-3.86326e-09 0.0202108 2.31567e-09
-3.9395e-09 0.0202108 2.3607e-09
-3.84858e-09 0.0202108 2.40982e-09
-3.78171e-09 0.0202108 2.20625e-09
-4.08912e-09 0.0202108 2.34676e-09
-3.97126e-09 0.0202108 2.51437e-09
-4.02387e-09 0.0202108 2.36276e-09
-3.69868e-09 0.0202108 2.20723e-09
-4.53187e-09 0.0202108 2.47787e-09
-3.94596e-09 0.0202108 2.14847e-09
-4.18855e-09 0.0202108 2.09282e-09
-3.77808e-09 0.0202108 2.51897e-09
-3.8147e-09 0.0202108 2.17247e-09
-3.70615e-09 0.0214655 2.27529e-09
-3.61421e-09 0.0214655 2.30657e-09
-3.32787e-09 0.0214655 2.5489e-09
-4.16627e-09 0.0214655 2.36616e-09
-3.63796e-09 0.0214655 2.31213e-09
-3.74393e-09 0.0214655 2.22399e-09
-3.87683e-09 0.0214655 2.22522e-09
-3.76714e-09 0.0214655 2.39195e-09
-3.88041e-09 0.0214655 2.17626e-09
-3.85086e-09 0.0214655 2.2782e-09
-3.7119e-09 0.0214655 1.98076e-09
-3.77589e-09 0.0214655 2.03054e-09
-3.80432e-09 0.0214655 2.0889e-09
-3.77017e-09 0.0214655 2.39246e-09
-3.60693e-09 0.0214655 2.26524e-09
-3.62925e-09 0.0214655 1.91444e-09
-3.80984e-09 0.0214655 1.813e-09
-3.8455e-09 0.0214655 2.04246e-09
-3.72259e-09 0.0214655 1.845e-09
-4.08862e-09 0.0214655 2.16563e-09
-3.70211e-09 0.0214655 1.85299e-09
-4.17075e-09 0.0214655 1.96168e-09
-3.40153e-09 0.0214655 1.82744e-09
-3.74194e-09 0.0214655 1.89481e-09
-4.20588e-09 0.0214655 1.95463e-09
-4.15703e-09 0.0227188 1.88975e-09
-3.54023e-09 0.0227188 2.0693e-09
-3.42822e-09 0.0227188 2.01007e-09
-3.61652e-09 0.0227188 2.10948e-09
-3.61132e-09 0.0227188 2.02083e-09
-3.53142e-09 0.0227188 1.82244e-09
-3.71701e-09 0.0227188 1.75313e-09
-3.46225e-09 0.0227188 1.94352e-09
-3.70359e-09 0.0227188 1.92515e-09
-3.5118e-09 0.0227188 1.82562e-09
-3.70345e-09 0.0227188 1.98294e-09
-3.6775e-09 0.0227188 1.62641e-09
-3.63491e-09 0.0227188 1.77348e-09
-3.46328e-09 0.0227188 1.84959e-09
-3.38557e-09 0.0227188 1.81669e-09
-3.64177e-09 0.0227188 1.49488e-09
-3.71944e-09 0.0227188 1.59922e-09
-3.51044e-09 0.0227188 1.63904e-09
-3.42006e-09 0.0227188 1.54873e-09
-3.53252e-09 0.0227188 1.67772e-09
-3.50621e-09 0.0227188 1.6492e-09
-3.58114e-09 0.0227188 1.57877e-09
-3.44198e-09 0.0227188 1.57325e-09
-3.30775e-09 0.0227188 1.14857e-09
-3.81512e-09 0.0227188 1.53501e-09
-3.69711e-09 0.0239708 1.36395e-09
-3.45121e-09 0.0239708 1.46314e-09
-3.57836e-09 0.0239708 1.62145e-09
-3.42776e-09 0.0239708 1.30381e-09
-2.94526e-09 0.0239708 1.22381e-09
-3.56493e-09 0.0239708 1.83957e-09
-3.56357e-09 0.0239708 1.39101e-09
-3.22607e-09 0.0239708 1.38823e-09
-3.28216e-09 0.0239708 1.35516e-09
-3.08344e-09 0.0239708 1.21417e-09
-3.47942e-09 0.0239708 1.41082e-09
-3.36807e-09 0.0239708 1.56891e-09
-3.33518e-09 0.0239708 1.37736e-09
-3.30536e-09 0.0239708 1.23828e-09
-3.07228e-09 0.0239708 1.13605e-09
-3.69373e-09 0.0239708 1.42845e-09
-3.3449e-09 0.0239708 1.2074e-09
-3.17513e-09 0.0239708 1.55122e-09
-3.3943e-09 0.0239708 1.33562e-09
-2.72813e-09 0.0239708 1.2771e-09
-4.02241e-09 0.0239708 1.42881e-09
-3.48095e-09 0.0239708 1.36487e-09
-3.16613e-09 0.0239708 9.78414e-10
-3.04696e-09 0.0239708 1.04432e-09
-2.97241e-09 0.0239708 1.32751e-09
-3.39108e-09 0.0252214 1.34762e-09
-3.64483e-09 0.0252214 1.722e-09
-3.21853e-09 0.0252214 1.24991e-09
-3.14758e-09 0.0252214 1.07608e-09
-2.66721e-09 0.0252214 1.25094e-09
-3.2914e-09 0.0252214 1.27863e-09
-3.52567e-09 0.0252214 1.27722e-09
-3.30443e-09 0.0252214 1.1452e-09
-3.05387e-09 0.0252214 1.0487e-09
-2.74764e-09 0.0252214 8.33885e-10
-3.31615e-09 0.0252214 1.3022e-09
-3.23847e-09 0.0252214 1.2748e-09
-3.17012e-09 0.0252214 1.20674e-09
-3.15834e-09 0.0252214 9.18746e-10
-2.85001e-09 0.0252214 1.01088e-09
-3.35867e-09 0.0252214 1.44267e-09
-3.33158e-09 0.0252214 1.21504e-09
-3.16842e-09 0.0252214 1.1433e-09
-2.86368e-09 0.0252214 1.2775e-09
-2.99663e-09 0.0252214 9.56153e-10
-3.49856e-09 0.0252214 1.22184e-09
-3.47e-09 0.0252214 1.25399e-09
-2.96122e-09 0.0252214 1.26244e-09
-2.86941e-09 0.0252214 1.19411e-09
-2.79136e-09 0.0252214 1.19548e-09
-3.44465e-09 0.0264707 1.44896e-09
-3.45938e-09 0.0264707 8.85734e-10
-3.11212e-09 0.0264707 1.31075e-09
-3.13839e-09 0.0264707 1.15365e-09
-1.91436e-09 0.0264707 1.49334e-09
-3.41643e-09 0.0264707 1.0646e-09
-3.3158e-09 0.0264707 1.17708e-09
-3.09857e-09 0.0264707 1.00214e-09
-2.85939e-09 0.0264707 1.11946e-09
-2.44805e-09 0.0264707 1.30554e-09
-3.33654e-09 0.0264707 1.29257e-09
-3.3101e-09 0.0264707 1.21573e-09
-3.12191e-09 0.0264707 1.04643e-09
-2.81525e-09 0.0264707 1.12461e-09
-2.35937e-09 0.0264707 8.255e-10
-3.75791e-09 0.0264707 1.60472e-09
-3.26058e-09 0.0264707 1.31967e-09
-2.89518e-09 0.0264707 1.39065e-09
-2.88796e-09 0.0264707 9.83099e-10
-2.24148e-09 0.0264707 1.08439e-09
-3.43183e-09 0.0264707 1.2685e-09
-3.33712e-09 0.0264707 1.47913e-09
-2.57618e-09 0.0264707 1.49827e-09
-2.55243e-09 0.0264707 1.3214e-09
-2.8436e-09 0.0264707 1.02713e-09
-3.89771e-09 0.0277186 1.43836e-09
-3.15403e-09 0.0277186 9.19117e-10
-3.19579e-09 0.0277186 5.92809e-10
-2.56581e-09 0.0277186 9.71573e-10
-2.12667e-09 0.0277186 1.63124e-09
-3.60485e-09 0.0277186 1.22105e-09
-3.38773e-09 0.0277186 1.00385e-09
-2.94499e-09 0.0277186 8.99635e-10
-2.54419e-09 0.0277186 1.41975e-09
-2.11105e-09 0.0277186 1.08476e-09
-4.02773e-09 0.0277186 1.53231e-09
-3.30602e-09 0.0277186 1.24702e-09
-2.92602e-09 0.0277186 1.30038e-09
-2.6873e-09 0.0277186 9.64594e-10
-1.58017e-09 0.0277186 1.38406e-09
-3.51798e-09 0.0277186 1.40497e-09
-3.17625e-09 0.0277186 1.51574e-09
-2.85835e-09 0.0277186 1.46795e-09
-2.5744e-09 0.0277186 1.49124e-09
-2.13328e-09 0.0277186 1.41066e-09
-3.0894e-09 0.0277186 1.89257e-09
-3.21496e-09 0.0277186 1.65229e-09
-2.76936e-09 0.0277186 1.48504e-09
-2.79871e-09 0.0277186 1.75458e-09
-2.37989e-09 0.0277186 1.49968e-09
-3.76823e-09 0.0289652 1.58676e-09
-3.57473e-09 0.0289652 1.05458e-09
-2.87732e-09 0.0289652 1.19801e-09
-2.28491e-09 0.0289652 1.19062e-09
-2.24249e-09 0.0289652 1.24964e-09
-3.52722e-09 0.0289652 1.42883e-09
-3.45953e-09 0.0289652 1.54591e-09
-2.8741e-09 0.0289652 1.40171e-09
-2.41214e-09 0.0289652 1.35671e-09
-1.88988e-09 0.0289652 1.54699e-09
-3.86348e-09 0.0289652 1.69779e-09
-3.24675e-09 0.0289652 1.51428e-09
-2.7009e-09 0.0289652 1.83145e-09
-2.55658e-09 0.0289652 1.66572e-09
-1.47094e-09 0.0289652 1.5699e-09
-3.27709e-09 0.0289652 1.69568e-09
-3.11886e-09 0.0289652 1.89441e-09
-2.69705e-09 0.0289652 1.69897e-09
-2.547e-09 0.0289652 1.74063e-09
-1.83862e-09 0.0289652 1.79269e-09
-3.21147e-09 0.0289652 1.7025e-09
-2.94141e-09 0.0289652 1.85893e-09
-2.51418e-09 0.0289652 2.03408e-09
-2.46255e-09 0.0289652 1.58878e-09
-2.50669e-09 0.0289652 1.91702e-09
-3.44426e-09 0.0302105 1.87271e-09
-3.28495e-09 0.0302104 1.76879e-09
-2.89656e-09 0.0302104 1.53248e-09
-2.12108e-09 0.0302104 1.31455e-09
-1.88482e-09 0.0302104 1.61863e-09
-3.43815e-09 0.0302105 1.91054e-09
-3.18684e-09 0.0302104 1.74691e-09
-2.75271e-09 0.0302104 1.79165e-09
-2.35714e-09 0.0302104 1.71946e-09
-1.64447e-09 0.0302104 1.43424e-09
-3.44893e-09 0.0302104 2.01116e-09
-3.0479e-09 0.0302104 2.1742e-09
-2.70301e-09 0.0302104 2.05527e-09
-2.38164e-09 0.0302104 1.86767e-09
-1.93547e-09 0.0302104 1.984e-09
-3.26269e-09 0.0302104 2.06286e-09
-2.93915e-09 0.0302104 2.01342e-09
-2.51135e-09 0.0302104 1.81576e-09
-2.36658e-09 0.0302104 1.99985e-09
-2.26433e-09 0.0302104 1.83278e-09
-2.88758e-09 0.0302104 1.90928e-09
-2.98205e-09 0.0302104 2.24243e-09
-2.73232e-09 0.0302104 2.07017e-09
-2.52967e-09 0.0302104 1.78182e-09
-2.12484e-09 0.0302104 1.85441e-09
-3.60644e-09 0.0314544 2.43899e-09
-3.03603e-09 0.0314544 2.09672e-09
-2.80486e-09 0.0314544 1.91372e-09
-2.13398e-09 0.0314544 1.92542e-09
-9.98032e-10 0.0314544 1.60724e-09
-3.34993e-09 0.0314544 2.42951e-09
-3.07943e-09 0.0314544 2.3285e-09
-2.68498e-09 0.0314544 2.09729e-09
-2.21791e-09 0.0314544 1.90633e-09
-1.68635e-09 0.0314544 1.91547e-09
-3.27113e-09 0.0314544 2.47962e-09
-2.93034e-09 0.0314544 2.24371e-09
-2.53106e-09 0.0314544 2.16963e-09
-2.18011e-09 0.0314544 2.25835e-09
-1.91666e-09 0.0314544 1.99368e-09
-3.4083e-09 0.0314544 2.25955e-09
-2.83346e-09 0.0314544 2.4873e-09
-2.45461e-09 0.0314544 2.37574e-09
-2.41572e-09 0.0314544 2.21037e-09
-1.93381e-09 0.0314544 2.18019e-09
-2.5161e-09 0.0314544 2.27337e-09
-2.80218e-09 0.0314544 2.08888e-09
-2.6468e-09 0.0314544 2.09827e-09
-2.47555e-09 0.0314544 2.17063e-09
-1.95892e-09 0.0314544 2.06287e-09
-2.64552e-09 0.0326971 2.27947e-09
-3.52286e-09 0.0326971 2.85029e-09
-2.63733e-09 0.0326971 2.43701e-09
-1.79185e-09 0.0326971 2.17218e-09
-1.71913e-09 0.0326971 2.15266e-09
-2.9722e-09 0.0326971 2.66704e-09
-3.10482e-09 0.0326971 2.55148e-09
-2.66432e-09 0.0326971 2.40406e-09
-2.47951e-09 0.0326971 2.24181e-09
-1.37217e-09 0.0326971 1.98684e-09
-3.38904e-09 0.0326971 2.79058e-09
-2.65829e-09 0.0326971 2.75431e-09
-2.50862e-09 0.0326971 2.85167e-09
-2.44558e-09 0.0326971 2.45788e-09
-1.38867e-09 0.0326971 2.41219e-09
-3.14187e-09 0.0326971 2.92464e-09
-2.8223e-09 0.0326971 2.84214e-09
-2.29341e-09 0.0326971 2.68905e-09
-2.37862e-09 0.0326971 2.48707e-09
-2.43363e-09 0.0326971 2.45331e-09
-2.64332e-09 0.0326971 2.66138e-09
-2.65171e-09 0.0326971 3.0802e-09
-2.22402e-09 0.0326971 2.74277e-09
-2.55311e-09 0.0326971 2.35338e-09
-2.85818e-09 0.0326971 2.98637e-09
-3.64521e-09 0.0339386 2.70525e-09
-3.07904e-09 0.0339386 2.7276e-09
-2.9232e-09 0.0339386 2.58273e-09
-2.17543e-09 0.0339386 2.44177e-09
-1.67336e-09 0.0339386 1.98733e-09
-3.22113e-09 0.0339386 2.92918e-09
-3.17064e-09 0.0339386 2.74805e-09
-2.53728e-09 0.0339386 3.20809e-09
-2.42314e-09 0.0339386 2.53509e-09
-1.82783e-09 0.0339386 2.75464e-09
-3.21238e-09 0.0339386 3.02091e-09
-2.77876e-09 0.0339386 3.18147e-09
-2.61345e-09 0.0339386 2.90519e-09
-2.58097e-09 0.0339386 3.09631e-09
-1.8723e-09 0.0339386 2.62413e-09
-3.31933e-09 0.0339386 3.50315e-09
-2.50105e-09 0.0339386 3.49549e-09
-2.72724e-09 0.0339386 3.53131e-09
-2.54723e-09 0.0339386 2.84867e-09
-2.25951e-09 0.0339386 2.82668e-09
-3.16258e-09 0.0339386 4.0627e-09
-2.70981e-09 0.0339386 3.25834e-09
-2.58342e-09 0.0339386 3.12345e-09
-2.56136e-09 0.0339386 3.6895e-09
-2.78794e-09 0.0339386 2.95207e-09
-3.45369e-09 0.0351789 3.24703e-09
-3.21056e-09 0.0351789 2.71366e-09
-2.46204e-09 0.0351789 3.22312e-09
-2.4826e-09 0.0351789 2.45507e-09
-1.73246e-09 0.0351789 2.98286e-09
-3.77344e-09 0.0351789 3.048e-09
-3.02066e-09 0.0351789 3.5231e-09
-2.62263e-09 0.0351789 3.08705e-09
-2.55617e-09 0.0351789 3.16129e-09
-2.10726e-09 0.0351789 2.89756e-09
-3.16729e-09 0.0351789 3.82327e-09
-2.88055e-09 0.0351789 3.24596e-09
-2.67293e-09 0.0351789 3.34511e-09
-2.67314e-09 0.0351789 2.98562e-09
-2.61743e-09 0.0351789 3.30934e-09
-2.89109e-09 0.0351789 3.43583e-09
-2.70196e-09 0.0351789 3.70608e-09
-2.72589e-09 0.0351789 3.77602e-09
-2.69325e-09 0.0351789 3.26028e-09
-2.31842e-09 0.0351789 3.09505e-09
-3.1956e-09 0.0351789 4.12166e-09
-2.57814e-09 0.0351789 3.67302e-09
-2.49522e-09 0.0351789 3.9066e-09
-2.98071e-09 0.0351789 3.37048e-09
-3.07044e-09 0.0351789 3.67208e-09
-3.68327e-09 0.0364181 3.41464e-09
-3.11375e-09 0.0364181 3.29953e-09
-2.89494e-09 0.0364181 2.91435e-09
-2.70072e-09 0.0364181 3.52182e-09
-1.8937e-09 0.0364181 3.22556e-09
-2.99748e-09 0.0364181 2.95148e-09
-3.17689e-09 0.0364181 2.92784e-09
-2.7475e-09 0.0364181 3.35515e-09
-2.72196e-09 0.0364181 3.14879e-09
-2.46306e-09 0.0364181 3.30193e-09
-2.91154e-09 0.0364181 3.54729e-09
-3.10768e-09 0.0364181 3.20964e-09
-2.92028e-09 0.0364181 3.18979e-09
-2.76325e-09 0.0364181 3.18007e-09
-2.488e-09 0.0364181 3.28295e-09
-3.17993e-09 0.0364181 3.58659e-09
-2.88048e-09 0.0364181 3.20781e-09
-2.86794e-09 0.0364181 3.1844e-09
-2.8881e-09 0.0364181 3.59915e-09
-2.77574e-09 0.0364181 3.77632e-09
-3.14043e-09 0.0364181 3.24317e-09
-2.84218e-09 0.0364181 3.33716e-09
-3.09519e-09 0.0364181 3.15408e-09
-3.0978e-09 0.0364181 3.29237e-09
-2.76302e-09 0.0364181 3.49324e-09
-3.78846e-09 0.0376565 2.85995e-09
-3.48949e-09 0.0376565 3.19458e-09
-2.78588e-09 0.0376565 3.82561e-09
-2.80163e-09 0.0376565 3.42773e-09
-2.68093e-09 0.0376565 3.59367e-09
-3.06155e-09 0.0376565 3.09433e-09
-3.25917e-09 0.0376565 3.32973e-09
-3.08397e-09 0.0376565 3.12545e-09
-2.9639e-09 0.0376565 3.12052e-09
-2.32406e-09 0.0376565 3.73222e-09
-3.39599e-09 0.0376565 3.35191e-09
-3.09052e-09 0.0376565 2.95046e-09
-2.99938e-09 0.0376565 3.17566e-09
-3.23211e-09 0.0376565 3.47269e-09
-2.61463e-09 0.0376565 3.06054e-09
-3.1439e-09 0.0376565 3.18398e-09
-3.1085e-09 0.0376565 3.55756e-09
-3.04828e-09 0.0376565 3.13362e-09
-2.89547e-09 0.0376565 3.54801e-09
-3.43373e-09 0.0376565 3.78283e-09
-2.594e-09 0.0376565 3.97712e-09
-3.69478e-09 0.0376565 3.09347e-09
-2.80568e-09 0.0376565 3.66814e-09
-3.11159e-09 0.0376565 3.5418e-09
-3.2464e-09 0.0376565 3.55523e-09
-3.53326e-09 0.0388937 3.0998e-09
-3.19484e-09 0.0388937 3.29983e-09
-3.11196e-09 0.0388937 3.27098e-09
-3.11726e-09 0.0388937 3.07652e-09
-2.7679e-09 0.0388937 3.62136e-09
-3.32207e-09 0.0388937 3.24675e-09
-3.22562e-09 0.0388937 3.08337e-09
-3.1918e-09 0.0388937 3.40394e-09
-3.23409e-09 0.0388937 3.5797e-09
-2.95872e-09 0.0388937 3.75948e-09
-3.55187e-09 0.0388937 2.99736e-09
-3.34019e-09 0.0388937 3.26178e-09
-2.99754e-09 0.0388937 3.12204e-09
-3.08578e-09 0.0388937 3.70128e-09
-3.57949e-09 0.0388937 3.87174e-09
-3.64504e-09 0.0388937 3.46884e-09
-3.51684e-09 0.0388937 3.28349e-09
-3.04166e-09 0.0388937 3.65403e-09
-3.15944e-09 0.0388937 3.51689e-09
-3.45359e-09 0.0388937 3.67211e-09
-3.29799e-09 0.0388937 3.71729e-09
-3.11168e-09 0.0388937 3.99799e-09
-3.21554e-09 0.0388937 3.72586e-09
-3.38117e-09 0.0388937 3.48247e-09
-3.23774e-09 0.0388937 3.27117e-09
-3.22185e-09 0.0401295 3.14672e-09
-2.94079e-09 0.0401295 3.0875e-09
-3.30308e-09 0.0401295 3.16578e-09
-3.18637e-09 0.0401295 3.18559e-09
-3.55497e-09 0.0401295 3.54933e-09
-3.29187e-09 0.0401295 3.04107e-09
-3.28908e-09 0.0401295 2.99848e-09
-3.24036e-09 0.0401295 3.39031e-09
-3.62934e-09 0.0401295 3.80722e-09
-3.22832e-09 0.0401295 3.59071e-09
-3.70559e-09 0.0401295 3.33304e-09
-3.3603e-09 0.0401295 3.29423e-09
-3.06866e-09 0.0401295 3.6452e-09
-3.46276e-09 0.0401295 3.79725e-09
-4.17928e-09 0.0401295 3.5944e-09
-3.49441e-09 0.0401295 3.20693e-09
-3.64807e-09 0.0401295 3.33732e-09
-3.40069e-09 0.0401295 3.87866e-09
-3.40187e-09 0.0401295 3.60531e-09
-3.80382e-09 0.0401295 3.48604e-09
-4.07142e-09 0.0401295 3.75859e-09
-3.73829e-09 0.0401295 3.28324e-09
-3.47299e-09 0.0401295 3.412e-09
-3.53443e-09 0.0401295 3.45402e-09
-2.61509e-09 0.0401295 3.90342e-09
-2.79173e-09 0.0413655 3.40128e-09
-3.35163e-09 0.0413655 2.82141e-09
-2.80426e-09 0.0413655 3.12317e-09
-3.89331e-09 0.0413655 3.56795e-09
-4.99508e-09 0.0413655 2.99136e-09
-2.95589e-09 0.0413655 2.67406e-09
-3.20636e-09 0.0413655 2.95215e-09
-3.17193e-09 0.0413655 2.71287e-09
-4.17949e-09 0.0413655 3.30025e-09
-4.39306e-09 0.0413655 3.36253e-09
-2.81199e-09 0.0413655 3.04638e-09
-2.98173e-09 0.0413655 2.94114e-09
-3.44737e-09 0.0413655 3.37103e-09
-4.30078e-09 0.0413655 3.26195e-09
-4.89904e-09 0.0413655 3.45899e-09
-2.63206e-09 0.0413655 2.48205e-09
-3.46351e-09 0.0413655 2.7094e-09
-3.73824e-09 0.0413655 2.93553e-09
-3.88559e-09 0.0413655 3.26923e-09
-4.17337e-09 0.0413655 3.46848e-09
-3.75459e-09 0.0413655 2.57405e-09
-3.39523e-09 0.0413655 2.4508e-09
-3.50866e-09 0.0413655 2.93471e-09
-3.85151e-09 0.0413655 3.15017e-09
-4.65212e-09 0.0413655 2.779e-09
-3.54579e-09 0.0426021 1.88906e-09
-3.06158e-09 0.0426021 1.97242e-09
-3.64961e-09 0.0426021 1.55613e-09
-3.79294e-09 0.0426021 2.39048e-09
-5.24074e-09 0.0426021 3.20327e-09
-2.19278e-09 0.0426021 1.59531e-09
-3.06316e-09 0.0426021 1.52156e-09
-3.2056e-09 0.0426021 1.92234e-09
-4.0047e-09 0.0426021 2.43047e-09
-4.98969e-09 0.0426021 3.14239e-09
-2.41647e-09 0.0426021 1.43588e-09
-3.00534e-09 0.0426021 1.26583e-09
-3.32455e-09 0.0426021 1.86988e-09
-4.12534e-09 0.0426021 2.91928e-09
-6.18981e-09 0.0426021 2.66137e-09
-3.34578e-09 0.0426021 1.42599e-09
-3.27654e-09 0.0426021 1.37766e-09
-3.39513e-09 0.0426021 2.10687e-09
-3.95641e-09 0.0426021 2.32983e-09
-5.04709e-09 0.0426021 1.80631e-09
-2.70948e-09 0.0426021 1.70064e-09
-3.64558e-09 0.0426021 9.7621e-10
-3.20701e-09 0.0426021 1.3009e-09
-4.07119e-09 0.0426021 2.25712e-09
-2.68682e-09 0.0426021 2.8998e-09
-2.48167e-09 0.0438325 -7.83814e-10
-4.00786e-09 0.0438326 -1.9081e-09
-3.03399e-09 0.0438325 1.56632e-09
-3.73799e-09 0.0438325 3.05363e-10
-3.54248e-09 0.0438325 9.82254e-11
-3.49431e-09 0.0438326 1.25998e-09
-3.22041e-09 0.0438326 -7.09917e-10
-2.79119e-09 0.0438325 -2.04995e-10
-3.29164e-09 0.0438325 9.42471e-10
-5.85706e-09 0.0438325 1.04258e-09
-2.61883e-09 0.0438325 -5.24238e-10
-3.1759e-09 0.0438325 6.88772e-10
-3.13292e-09 0.0438325 2.53602e-10
-3.94056e-09 0.0438325 1.13582e-09
-4.57306e-09 0.0438326 4.95248e-10
-3.24002e-09 0.0438325 -1.0649e-09
-3.85346e-09 0.0438326 -7.16227e-10
-3.07426e-09 0.0438325 3.96994e-10
-4.48948e-09 0.0438326 1.14207e-09
-3.73888e-09 0.0438325 2.41752e-09
-4.46866e-09 0.0438326 1.60682e-10
-4.62317e-09 0.0438325 -7.32143e-10
-2.85887e-09 0.0438326 6.19821e-10
-2.86147e-09 0.0438326 1.47037e-09
-3.20478e-09 0.0438325 1.35685e-09
-6.45298e-09 0.0450649 -2.95768e-09
-3.84892e-09 0.0450649 -1.21076e-09
-2.13561e-09 0.0450649 -1.63516e-09
-4.67753e-09 0.0450649 -6.14477e-10
-1.92426e-09 0.0450649 9.60313e-10
-2.81909e-09 0.0450649 -1.68825e-09
-3.62945e-09 0.0450649 -2.73081e-09
-2.53729e-09 0.0450649 -6.59497e-10
-4.50327e-09 0.0450649 -2.50978e-10
-1.29327e-09 0.0450649 -1.70928e-10
-3.00633e-09 0.0450649 -9.96067e-10
-3.55396e-09 0.0450649 -1.71457e-09
-3.38103e-09 0.0450649 -8.27193e-10
-3.23615e-09 0.0450649 -8.15589e-10
-3.89855e-09 0.0450648 1.46251e-09
-6.42962e-09 0.0450649 -1.97838e-09
-2.83089e-09 0.0450649 -1.10481e-09
-2.6763e-09 0.0450649 -5.57748e-10
-2.02158e-09 0.0450649 -4.09955e-10
-6.83906e-09 0.0450649 4.02935e-10
-1.48276e-09 0.0450649 -2.85513e-09
-4.53019e-09 0.0450649 -5.40979e-10
-3.24053e-09 0.0450649 -1.43336e-09
-1.35725e-09 0.0450649 -1.64459e-09
-3.71625e-09 0.0450649 1.53636e-09
-6.26429e-09 0.0463157 2.92272e-09
-2.93755e-09 0.0463157 3.41629e-10
-2.1497e-09 0.0463157 -2.55602e-09
-3.4637e-09 0.0463157 3.55089e-09
-2.69065e-09 0.0463157 3.35172e-09
-4.44641e-09 0.0463157 -1.45621e-09
-2.18029e-09 0.0463157 3.83011e-10
-2.66027e-09 0.0463157 1.78488e-11
-2.80625e-09 0.0463157 7.80005e-10
-3.72916e-09 0.0463157 1.26835e-09
-3.03938e-09 0.0463156 -9.28878e-10
-3.06687e-09 0.0463157 -5.52632e-10
-2.75503e-09 0.0463157 1.54401e-11
-1.90488e-09 0.0463157 1.53156e-09
-3.99314e-09 0.0463157 3.46859e-10
-6.46469e-09 0.0463157 -2.39993e-10
-3.69089e-09 0.0463157 -7.85519e-10
-2.07325e-09 0.0463157 -1.29242e-09
-9.96977e-10 0.0463157 -4.83496e-10
-2.42915e-09 0.0463157 2.1538e-10
-4.21369e-09 0.0463156 -4.00792e-09
-4.69072e-09 0.0463157 -1.01659e-09
-3.85175e-09 0.0463156 -2.59433e-09
-2.30088e-09 0.0463157 -1.66369e-09
8.4674e-10 0.0463157 -2.1958e-09
4.925e-09 0.0475128 2.59047e-09
-2.03181e-09 0.0475128 5.115e-09
-3.33034e-09 0.0475129 1.97679e-09
5.68207e-10 0.0475128 -2.6688e-10
-9.94123e-09 0.0475128 3.7312e-10
-1.60418e-09 0.0475129 2.47519e-09
-7.29884e-10 0.0475128 1.42342e-09
-1.80846e-09 0.0475128 2.19279e-09
-2.9741e-09 0.0475128 1.87345e-09
-5.91687e-09 0.0475128 9.61222e-11
-1.7169e-09 0.0475128 9.30868e-10
-1.69143e-09 0.0475128 1.05877e-09
-2.69029e-09 0.0475128 2.09832e-09
-2.99178e-09 0.0475128 3.48564e-10
-6.33236e-09 0.0475128 1.70047e-10
9.81345e-10 0.0475129 1.74782e-09
-2.57614e-09 0.0475128 -8.46967e-11
-2.1419e-09 0.0475128 1.22104e-09
-7.5886e-10 0.0475128 1.67347e-10
-3.83443e-09 0.0475129 -1.44269e-10
-7.09815e-09 0.0475128 2.49111e-09
-3.1248e-09 0.0475128 1.19485e-10
-1.35219e-09 0.0475128 -1.19567e-09
-2.39311e-10 0.0475129 8.5123e-10
-5.72072e-10 0.0475128 -1.41915e-09
1.15051e-10 0.0487842 1.29319e-10
-1.69791e-09 0.0487842 1.0607e-09
-1.84127e-09 0.0487842 4.13274e-09
-6.2073e-10 0.0487842 1.10663e-09
-4.43151e-09 0.0487842 -6.09816e-10
5.74346e-10 0.0487842 2.1262e-09
-1.09719e-09 0.0487842 7.8785e-10
-1.24078e-09 0.0487842 1.77351e-09
-1.44288e-09 0.0487842 3.39469e-10
-1.99336e-09 0.0487842 -1.20345e-09
-7.69433e-10 0.0487842 1.2779e-09
-8.55948e-10 0.0487842 7.77533e-10
-1.04399e-09 0.0487842 2.19533e-10
-1.56012e-09 0.0487842 4.81805e-10
-3.66828e-09 0.0487842 -1.32889e-09
1.41085e-10 0.0487842 -2.22485e-10
-1.31428e-09 0.0487842 1.14278e-09
-1.57962e-09 0.0487842 -1.50612e-09
-6.15614e-10 0.0487842 -1.37788e-10
-3.34103e-09 0.0487842 -1.01295e-10
2.53331e-09 0.0487843 4.23142e-09
-3.57892e-09 0.0487842 -2.58444e-09
-1.47816e-09 0.0487842 3.61183e-09
-3.1331e-09 0.0487842 1.54159e-10
1.01818e-09 0.0487842 1.66494e-09
0 0.05 0
0 0.05 0
0 0.05 0
0 0.05 0
0 0.05 0
0 0.05 0
0 0.05 0
0 0.05 0
0 0.05 0
0 0.05 0
0 0.05 0
0 0.05 0
0 0.05 0
0 0.05 0
0 0.05 0
0 0.05 0
0 0.05 0
0 0.05 0
0 0.05 0
0 0.05 0
0 0.05 0
0 0.05 0
0 0.05 0
0 0.05 0
0 0.05 0
