0 0 0
0 0 0
0 0 0
0 0 0
0 0 0
0 0 0
0 0 0
0 0 0
0 0 0
0 0 0
0 0 0
0 0 0
0 0 0
0 0 0
0 0 0
0 0 0
0 0 0
0 0 0
0 0 0
0 0 0
0 0 0
0 0 0
0 0 0
0 0 0
0 0 0
-6.62098e-10 0.00105031 -1.83663e-09
-3.08095e-10 0.00105031 -1.84709e-09
-1.00213e-10 0.00105031 -1.85732e-09
1.00491e-10 0.00105031 -1.82998e-09
4.59885e-10 0.00105031 -1.82997e-09
-6.63657e-10 0.00105031 -1.8492e-09
-3.08779e-10 0.00105031 -1.84598e-09
-9.56722e-11 0.00105031 -1.84779e-09
1.05295e-10 0.00105031 -1.82614e-09
4.74772e-10 0.00105031 -1.82675e-09
-6.53023e-10 0.00105031 -1.85169e-09
-3.1308e-10 0.00105031 -1.83991e-09
-1.02708e-10 0.00105031 -1.84609e-09
1.16559e-10 0.00105031 -1.83911e-09
4.77657e-10 0.00105031 -1.84157e-09
-6.26311e-10 0.00105031 -1.83306e-09
-3.0902e-10 0.00105031 -1.84063e-09
-9.03309e-11 0.00105031 -1.83326e-09
1.09025e-10 0.00105031 -1.82926e-09
4.44478e-10 0.00105031 -1.83371e-09
-6.22995e-10 0.00105031 -1.84646e-09
-2.84848e-10 0.00105031 -1.83848e-09
-9.75272e-11 0.00105031 -1.82595e-09
9.53554e-11 0.00105031 -1.84064e-09
4.431e-10 0.00105031 -1.82531e-09
-8.89886e-10 0.0021017 -3.72209e-09
-5.37575e-10 0.0021017 -3.7035e-09
-1.76886e-10 0.0021017 -3.70233e-09
1.35462e-10 0.0021017 -3.7148e-09
4.73795e-10 0.0021017 -3.72023e-09
-9.15114e-10 0.0021017 -3.72263e-09
-5.11779e-10 0.0021017 -3.73629e-09
-1.78747e-10 0.0021017 -3.70492e-09
1.41534e-10 0.0021017 -3.71494e-09
4.90263e-10 0.0021017 -3.71185e-09
-8.68573e-10 0.0021017 -3.73439e-09
-5.04881e-10 0.0021017 -3.71627e-09
-1.85329e-10 0.0021017 -3.70562e-09
1.28691e-10 0.0021017 -3.70547e-09
5.22275e-10 0.0021017 -3.69869e-09
-8.16115e-10 0.0021017 -3.71485e-09
-5.06527e-10 0.0021017 -3.73946e-09
-1.74114e-10 0.0021017 -3.69965e-09
1.05542e-10 0.0021017 -3.71282e-09
4.97915e-10 0.0021017 -3.7318e-09
-8.23737e-10 0.0021017 -3.74192e-09
-4.82664e-10 0.0021017 -3.71598e-09
-2.00581e-10 0.0021017 -3.7546e-09
1.19639e-10 0.0021017 -3.70394e-09
4.27894e-10 0.0021017 -3.7183e-09
-1.01131e-09 0.00315531 -5.49165e-09
-5.9597e-10 0.00315531 -5.50504e-09
-2.66119e-10 0.00315531 -5.44893e-09
4.18032e-11 0.00315531 -5.45664e-09
4.79685e-10 0.00315531 -5.47211e-09
-9.97138e-10 0.00315531 -5.49647e-09
-6.16712e-10 0.00315531 -5.50969e-09
-2.17705e-10 0.00315531 -5.51448e-09
8.29291e-11 0.00315531 -5.46091e-09
4.70063e-10 0.00315531 -5.48534e-09
-9.43137e-10 0.00315531 -5.53099e-09
-5.99273e-10 0.00315531 -5.53593e-09
-2.55204e-10 0.00315531 -5.48174e-09
7.80297e-11 0.00315531 -5.48912e-09
4.94137e-10 0.00315531 -5.50774e-09
-8.89497e-10 0.00315531 -5.545e-09
-5.82746e-10 0.00315531 -5.56184e-09
-2.56887e-10 0.00315531 -5.53169e-09
8.53838e-11 0.00315531 -5.49731e-09
4.22652e-10 0.00315531 -5.50496e-09
-8.78345e-10 0.00315532 -5.53772e-09
-5.86194e-10 0.00315531 -5.51334e-09
-2.36782e-10 0.00315531 -5.5504e-09
7.70382e-11 0.00315531 -5.55888e-09
3.53344e-10 0.00315531 -5.5483e-09
-1.01674e-09 0.00421235 -7.13359e-09
-6.19505e-10 0.00421235 -7.13512e-09
-2.73828e-10 0.00421235 -7.11977e-09
1.58984e-11 0.00421235 -7.10457e-09
4.06279e-10 0.00421235 -7.05811e-09
-9.94816e-10 0.00421235 -7.16976e-09
-6.29076e-10 0.00421235 -7.17434e-09
-2.8263e-10 0.00421235 -7.12086e-09
2.8081e-11 0.00421235 -7.13541e-09
4.29904e-10 0.00421235 -7.09206e-09
-1.00886e-09 0.00421235 -7.17854e-09
-6.15656e-10 0.00421235 -7.18331e-09
-2.62701e-10 0.00421235 -7.20676e-09
1.76221e-11 0.00421235 -7.13433e-09
3.45121e-10 0.00421235 -7.12316e-09
-9.07346e-10 0.00421235 -7.2221e-09
-6.02525e-10 0.00421235 -7.20229e-09
-2.82114e-10 0.00421235 -7.20596e-09
2.46354e-11 0.00421235 -7.15726e-09
3.36433e-10 0.00421235 -7.17208e-09
-8.69945e-10 0.00421235 -7.22124e-09
-6.08749e-10 0.00421235 -7.2162e-09
-2.9373e-10 0.00421235 -7.25902e-09
4.49074e-11 0.00421235 -7.15856e-09
3.29278e-10 0.00421235 -7.19639e-09
-9.40414e-10 0.0052741 -8.5326e-09
-5.71233e-10 0.0052741 -8.53217e-09
-2.81564e-10 0.00527409 -8.65815e-09
2.10219e-11 0.00527409 -8.51463e-09
4.3394e-10 0.00527409 -8.51391e-09
-9.51436e-10 0.0052741 -8.56274e-09
-5.97365e-10 0.0052741 -8.52821e-09
-2.72932e-10 0.0052741 -8.57282e-09
-2.08822e-11 0.00527409 -8.52938e-09
2.71215e-10 0.00527409 -8.52253e-09
-9.36194e-10 0.0052741 -8.62236e-09
-6.06735e-10 0.00527409 -8.61181e-09
-2.53564e-10 0.00527409 -8.57173e-09
-2.68799e-11 0.00527409 -8.53979e-09
3.03007e-10 0.00527409 -8.5145e-09
-8.68173e-10 0.00527409 -8.64687e-09
-5.74502e-10 0.0052741 -8.63691e-09
-2.67026e-10 0.00527409 -8.59856e-09
-1.77136e-11 0.00527409 -8.558e-09
3.07446e-10 0.00527409 -8.57811e-09
-8.40083e-10 0.00527409 -8.6033e-09
-5.61467e-10 0.0052741 -8.66985e-09
-2.48763e-10 0.0052741 -8.71302e-09
-3.8419e-11 0.00527409 -8.62923e-09
3.17204e-10 0.00527409 -8.58836e-09
-7.48633e-10 0.00634185 -9.63927e-09
-6.72173e-10 0.00634185 -9.71981e-09
-2.28103e-10 0.00634185 -9.79358e-09
6.35937e-11 0.00634185 -9.76086e-09
2.23433e-10 0.00634185 -9.62283e-09
-8.52971e-10 0.00634186 -9.69515e-09
-5.54731e-10 0.00634185 -9.73459e-09
-1.97252e-10 0.00634185 -9.75523e-09
5.31364e-12 0.00634185 -9.72094e-09
2.57211e-10 0.00634185 -9.6979e-09
-8.37754e-10 0.00634185 -9.74938e-09
-5.201e-10 0.00634185 -9.78183e-09
-2.3299e-10 0.00634185 -9.76579e-09
-1.31142e-11 0.00634185 -9.75059e-09
1.62781e-10 0.00634185 -9.75704e-09
-8.91506e-10 0.00634185 -9.74107e-09
-5.29259e-10 0.00634185 -9.79277e-09
-2.42194e-10 0.00634185 -9.76705e-09
-3.56279e-11 0.00634185 -9.76162e-09
2.69566e-10 0.00634185 -9.71971e-09
-7.36653e-10 0.00634185 -9.84466e-09
-5.29284e-10 0.00634185 -9.75696e-09
-2.38863e-10 0.00634185 -9.84376e-09
-3.18021e-11 0.00634185 -9.70301e-09
4.52999e-10 0.00634185 -9.79481e-09
-6.95949e-10 0.00741691 -1.05812e-08
-4.85829e-10 0.00741691 -1.04493e-08
-2.00292e-10 0.00741691 -1.05078e-08
1.26984e-10 0.00741691 -1.06225e-08
1.0278e-10 0.0074169 -1.05889e-08
-8.21508e-10 0.00741691 -1.05857e-08
-4.56915e-10 0.00741691 -1.06173e-08
-1.94781e-10 0.0074169 -1.05831e-08
4.46685e-11 0.0074169 -1.06261e-08
1.25825e-10 0.00741691 -1.06281e-08
-7.03173e-10 0.00741691 -1.05401e-08
-4.58678e-10 0.00741691 -1.05742e-08
-1.95093e-10 0.00741691 -1.06282e-08
4.31477e-12 0.0074169 -1.0657e-08
2.35265e-10 0.0074169 -1.06453e-08
-7.00866e-10 0.00741691 -1.05832e-08
-4.27561e-10 0.0074169 -1.05845e-08
-2.35829e-10 0.0074169 -1.07314e-08
8.00648e-12 0.0074169 -1.05895e-08
2.25977e-10 0.0074169 -1.06493e-08
-7.0403e-10 0.0074169 -1.05938e-08
-4.63564e-10 0.0074169 -1.05594e-08
-2.10737e-10 0.0074169 -1.05751e-08
2.1132e-11 0.0074169 -1.04553e-08
1.48212e-10 0.00741691 -1.05732e-08
-3.72978e-10 0.00850042 -1.11254e-08
-3.72455e-10 0.00850042 -1.12537e-08
-7.26434e-11 0.00850042 -1.11771e-08
-1.18316e-10 0.00850042 -1.12216e-08
2.16931e-10 0.00850042 -1.12224e-08
-5.22959e-10 0.00850042 -1.11532e-08
-2.75777e-10 0.00850042 -1.10538e-08
-1.21815e-10 0.00850042 -1.1154e-08
-8.16893e-11 0.00850042 -1.11052e-08
2.27729e-10 0.00850042 -1.12083e-08
-5.90663e-10 0.00850042 -1.11462e-08
-3.26497e-10 0.00850042 -1.11642e-08
-1.13317e-10 0.00850042 -1.1202e-08
-7.13842e-11 0.00850042 -1.12064e-08
2.66844e-10 0.00850042 -1.11428e-08
-4.35836e-10 0.00850042 -1.10998e-08
-3.57262e-10 0.00850042 -1.11473e-08
-1.73052e-10 0.00850042 -1.10925e-08
-8.38752e-11 0.00850042 -1.11997e-08
1.11844e-10 0.00850042 -1.11221e-08
-2.98196e-10 0.00850042 -1.10834e-08
-3.52155e-10 0.00850042 -1.10828e-08
-1.25458e-10 0.00850042 -1.12715e-08
-5.21289e-11 0.00850042 -1.11221e-08
9.15936e-11 0.00850042 -1.12743e-08
-1.72543e-10 0.00959341 -1.14539e-08
-5.32498e-11 0.00959342 -1.15821e-08
-1.32687e-10 0.00959341 -1.14978e-08
-3.68232e-11 0.00959341 -1.15978e-08
6.03375e-11 0.00959341 -1.14945e-08
-2.08401e-10 0.00959341 -1.15403e-08
-1.97643e-10 0.00959341 -1.14874e-08
-9.82545e-11 0.00959341 -1.14916e-08
-5.22145e-11 0.00959341 -1.15512e-08
2.93934e-11 0.00959341 -1.14881e-08
-2.27634e-10 0.00959341 -1.142e-08
-2.36449e-10 0.00959341 -1.15026e-08
-7.75335e-11 0.00959341 -1.14433e-08
-4.5159e-11 0.00959341 -1.14114e-08
-5.46093e-11 0.00959341 -1.13415e-08
-2.93073e-10 0.00959341 -1.14848e-08
-2.31181e-10 0.00959341 -1.14548e-08
-8.28146e-11 0.00959341 -1.14677e-08
-5.50022e-11 0.00959341 -1.1379e-08
-7.56505e-11 0.00959341 -1.1357e-08
-2.95799e-10 0.00959341 -1.15019e-08
-1.8311e-10 0.00959341 -1.15514e-08
-1.0034e-10 0.00959341 -1.14699e-08
-1.3697e-10 0.00959341 -1.14219e-08
-1.89253e-11 0.00959341 -1.13798e-08
-2.43871e-10 0.0106967 -1.14753e-08
-6.21054e-11 0.0106967 -1.14514e-08
-5.08313e-11 0.0106967 -1.16925e-08
-6.31577e-11 0.0106967 -1.15664e-08
3.48095e-11 0.0106967 -1.15293e-08
-2.9812e-10 0.0106967 -1.1538e-08
-6.18482e-11 0.0106967 -1.15721e-08
4.93117e-12 0.0106967 -1.15638e-08
-6.67428e-11 0.0106967 -1.1555e-08
2.40132e-11 0.0106967 -1.1483e-08
-3.0788e-10 0.0106967 -1.15249e-08
-1.0855e-10 0.0106967 -1.14497e-08
-9.15483e-11 0.0106967 -1.14486e-08
-1.01434e-10 0.0106967 -1.13804e-08
-5.29781e-11 0.0106967 -1.14808e-08
-1.957e-10 0.0106967 -1.14973e-08
-1.28481e-10 0.0106967 -1.15451e-08
-2.18805e-11 0.0106967 -1.14426e-08
-1.13705e-10 0.0106967 -1.1588e-08
-2.73877e-10 0.0106967 -1.1402e-08
-3.21616e-10 0.0106967 -1.14947e-08
-1.19788e-10 0.0106967 -1.15824e-08
8.55973e-11 0.0106967 -1.15426e-08
-2.43713e-10 0.0106967 -1.14004e-08
-9.25553e-11 0.0106967 -1.14619e-08
2.32432e-10 0.011811 -1.12092e-08
-2.98341e-11 0.011811 -1.13483e-08
1.13219e-10 0.011811 -1.1284e-08
-1.61435e-11 0.011811 -1.1206e-08
-1.90734e-10 0.011811 -1.09847e-08
-4.51676e-11 0.011811 -1.11408e-08
-3.38898e-11 0.011811 -1.12275e-08
6.74172e-12 0.011811 -1.13125e-08
-3.96897e-11 0.011811 -1.12451e-08
1.12734e-11 0.011811 -1.11324e-08
-5.12408e-11 0.011811 -1.12054e-08
1.00397e-11 0.011811 -1.12734e-08
2.91625e-11 0.011811 -1.1306e-08
-9.71192e-11 0.011811 -1.1198e-08
-1.09142e-10 0.011811 -1.11837e-08
-7.00444e-11 0.011811 -1.12968e-08
-6.04805e-12 0.011811 -1.12385e-08
-1.4627e-11 0.011811 -1.13037e-08
-1.04826e-10 0.011811 -1.12895e-08
-1.93863e-10 0.011811 -1.12621e-08
-1.52052e-10 0.011811 -1.1077e-08
-4.05587e-11 0.011811 -1.12349e-08
-2.99664e-11 0.011811 -1.13694e-08
1.33923e-10 0.011811 -1.12227e-08
-3.01418e-10 0.011811 -1.12973e-08
-1.39853e-11 0.012937 -1.09102e-08
6.85113e-11 0.012937 -1.07584e-08
-6.72669e-11 0.012937 -1.07012e-08
2.49352e-11 0.012937 -1.08551e-08
-3.78458e-10 0.012937 -1.08177e-08
2.92866e-10 0.012937 -1.07033e-08
2.53124e-11 0.012937 -1.07473e-08
-1.05862e-11 0.012937 -1.08247e-08
-9.40226e-11 0.012937 -1.08037e-08
-1.78604e-10 0.012937 -1.07734e-08
6.52735e-11 0.012937 -1.07914e-08
5.86744e-11 0.012937 -1.08042e-08
1.5596e-10 0.012937 -1.09365e-08
-1.90029e-10 0.012937 -1.08091e-08
-2.16395e-10 0.012937 -1.07206e-08
5.30518e-11 0.012937 -1.06733e-08
2.4502e-11 0.012937 -1.0702e-08
1.09272e-10 0.012937 -1.07549e-08
-4.62289e-11 0.012937 -1.07813e-08
-2.12121e-10 0.012937 -1.08753e-08
3.27844e-10 0.012937 -1.07435e-08
-2.17693e-12 0.012937 -1.06659e-08
7.48996e-11 0.012937 -1.08417e-08
-1.89774e-10 0.012937 -1.07929e-08
-8.35829e-11 0.012937 -1.08425e-08
2.89941e-10 0.0140753 -1.0141e-08
1.09909e-10 0.0140753 -1.00832e-08
-7.28853e-11 0.0140753 -1.01762e-08
-2.11063e-10 0.0140753 -1.02336e-08
1.28645e-10 0.0140753 -1.01049e-08
3.28349e-10 0.0140753 -1.01804e-08
7.61418e-11 0.0140753 -1.02456e-08
-1.4091e-12 0.0140753 -1.01861e-08
-1.27478e-11 0.0140753 -1.0138e-08
-2.82316e-10 0.0140753 -1.0155e-08
2.06872e-10 0.0140753 -1.01441e-08
9.44242e-11 0.0140753 -1.01175e-08
1.00116e-10 0.0140753 -1.01825e-08
6.54843e-11 0.0140753 -1.01441e-08
-3.51133e-10 0.0140753 -1.01536e-08
2.11509e-10 0.0140753 -9.96552e-09
1.5988e-10 0.0140753 -1.00747e-08
1.6019e-10 0.0140753 -9.92199e-09
-1.12055e-10 0.0140753 -1.01524e-08
-3.1116e-11 0.0140753 -1.01977e-08
5.63924e-12 0.0140753 -9.89145e-09
2.5251e-10 0.0140753 -1.0032e-08
1.75538e-10 0.0140753 -9.79378e-09
1.00302e-10 0.0140753 -9.88195e-09
1.4723e-10 0.0140753 -9.97636e-09
5.88116e-10 0.0152268 -9.321e-09
2.6499e-10 0.0152268 -9.55172e-09
1.16568e-11 0.0152268 -9.42574e-09
-1.49547e-10 0.0152268 -9.28342e-09
-6.27471e-11 0.0152268 -9.2303e-09
2.31212e-10 0.0152268 -9.31187e-09
2.39575e-10 0.0152268 -9.31241e-09
6.64413e-11 0.0152268 -9.37627e-09
-1.19118e-10 0.0152268 -9.26953e-09
-3.4058e-10 0.0152268 -9.29905e-09
1.52051e-10 0.0152268 -9.27504e-09
1.92437e-10 0.0152268 -9.22767e-09
2.24896e-10 0.0152268 -9.2343e-09
-1.32611e-10 0.0152268 -9.47953e-09
-1.09505e-10 0.0152268 -9.46897e-09
2.10667e-10 0.0152268 -9.16525e-09
2.25839e-10 0.0152268 -9.17877e-09
2.08487e-10 0.0152268 -9.25061e-09
-2.06628e-11 0.0152268 -9.31346e-09
-3.31869e-10 0.0152268 -9.28987e-09
4.29753e-10 0.0152268 -9.14499e-09
4.41085e-10 0.0152268 -9.20059e-09
1.14784e-10 0.0152268 -9.20791e-09
-8.28859e-11 0.0152268 -9.38722e-09
-1.63086e-10 0.0152268 -9.12961e-09
3.36064e-10 0.0163923 -8.42037e-09
1.6077e-10 0.0163923 -8.37332e-09
1.69852e-10 0.0163923 -8.83484e-09
-1.51241e-10 0.0163923 -8.46869e-09
-3.63614e-10 0.0163923 -8.57735e-09
1.99224e-10 0.0163923 -8.36293e-09
2.15211e-10 0.0163923 -8.53662e-09
1.62929e-10 0.0163923 -8.51391e-09
-1.42995e-10 0.0163923 -8.65064e-09
-2.8979e-10 0.0163923 -8.62055e-09
2.69515e-10 0.0163923 -8.43238e-09
1.91285e-10 0.0163923 -8.4138e-09
3.63589e-11 0.0163923 -8.55429e-09
-8.43706e-11 0.0163923 -8.49072e-09
-6.47754e-11 0.0163923 -8.66676e-09
4.0273e-10 0.0163923 -8.43352e-09
1.49912e-10 0.0163923 -8.42761e-09
1.43653e-10 0.0163923 -8.48893e-09
-4.76801e-11 0.0163923 -8.59434e-09
-9.01952e-11 0.0163923 -8.51455e-09
6.75831e-10 0.0163923 -8.33693e-09
4.68798e-11 0.0163923 -8.60923e-09
2.49775e-10 0.0163923 -8.43916e-09
-2.33868e-10 0.0163923 -8.64699e-09
-3.65965e-11 0.0163923 -8.48457e-09
-2.29867e-11 0.0175725 -7.49422e-09
2.60679e-10 0.0175725 -7.52607e-09
1.67082e-10 0.0175725 -7.43064e-09
-1.57765e-10 0.0175725 -7.97393e-09
1.4486e-10 0.0175725 -7.86016e-09
3.19389e-12 0.0175725 -7.83211e-09
2.91409e-10 0.0175725 -7.60722e-09
1.88997e-10 0.0175725 -7.69677e-09
-1.26047e-10 0.0175725 -7.74499e-09
-1.33703e-10 0.0175725 -7.8174e-09
2.66336e-10 0.0175725 -7.53938e-09
1.94289e-10 0.0175725 -7.75278e-09
2.17068e-10 0.0175725 -7.54452e-09
-1.23862e-10 0.0175725 -7.61708e-09
-6.98896e-11 0.0175725 -7.61785e-09
4.63673e-10 0.0175725 -7.89043e-09
7.81617e-11 0.0175725 -7.66902e-09
8.65794e-11 0.0175725 -7.71352e-09
-2.00204e-11 0.0175725 -7.62854e-09
1.86119e-10 0.0175725 -7.76105e-09
1.42723e-10 0.0175725 -7.44632e-09
8.42384e-11 0.0175725 -7.96315e-09
-8.48956e-11 0.0175725 -8.0799e-09
1.89575e-10 0.0175725 -7.59098e-09
7.38059e-11 0.0175725 -7.72619e-09
3.39625e-10 0.018768 -6.65899e-09
2.20718e-10 0.018768 -6.50612e-09
4.07052e-10 0.018768 -6.73765e-09
-6.3296e-11 0.018768 -6.92715e-09
-2.21453e-10 0.018768 -6.91107e-09
5.50549e-10 0.018768 -6.80299e-09
2.55408e-10 0.018768 -6.82204e-09
2.45863e-10 0.018768 -6.72452e-09
-7.12461e-11 0.018768 -6.85966e-09
-8.00244e-11 0.018768 -6.89939e-09
4.69554e-10 0.018768 -7.07801e-09
2.71432e-10 0.018768 -6.95087e-09
1.49968e-10 0.018768 -7.0302e-09
1.33173e-10 0.018768 -6.81133e-09
-3.09979e-10 0.018768 -6.84575e-09
4.85357e-10 0.018768 -7.18003e-09
8.81228e-11 0.018768 -7.26332e-09
1.33545e-10 0.018768 -6.92739e-09
1.57277e-10 0.018768 -7.00589e-09
-2.4678e-11 0.018768 -6.80294e-09
5.59859e-10 0.018768 -7.27529e-09
-2.6402e-10 0.018768 -7.21202e-09
3.21109e-10 0.018768 -6.90553e-09
3.34696e-10 0.018768 -7.00955e-09
-1.79458e-10 0.018768 -6.80984e-09
1.76446e-10 0.0199791 -6.34126e-09
4.58648e-10 0.0199791 -6.25148e-09
4.80359e-10 0.0199791 -6.03977e-09
1.38912e-10 0.0199791 -6.42052e-09
1.10298e-10 0.0199791 -6.34991e-09
3.20159e-10 0.0199791 -6.43701e-09
2.5226e-10 0.0199791 -6.41506e-09
3.16371e-10 0.0199791 -6.23436e-09
1.54782e-10 0.0199791 -6.34528e-09
2.6422e-10 0.0199791 -6.47449e-09
2.60926e-10 0.0199791 -6.33419e-09
1.32917e-10 0.0199791 -6.57819e-09
2.66353e-10 0.0199791 -6.4235e-09
3.8578e-10 0.0199791 -6.28372e-09
4.02979e-10 0.0199791 -6.28482e-09
1.77818e-10 0.0199791 -6.58403e-09
-3.20366e-12 0.0199791 -6.6014e-09
2.10969e-10 0.0199791 -6.32853e-09
4.30842e-10 0.0199791 -6.37237e-09
4.8112e-10 0.0199791 -6.28472e-09
-3.80519e-10 0.0199791 -6.49312e-09
1.68211e-10 0.0199791 -6.45391e-09
2.36635e-10 0.0199791 -6.43307e-09
3.92789e-10 0.0199791 -6.18687e-09
4.05382e-10 0.0199791 -6.25264e-09
-1.13405e-10 0.0212059 -5.97212e-09
6.0253e-10 0.0212059 -5.98456e-09
2.77645e-10 0.0212059 -6.42e-09
5.5494e-10 0.0212059 -6.53877e-09
7.83867e-10 0.0212059 -6.10764e-09
1.30121e-10 0.0212059 -5.96139e-09
3.88714e-10 0.0212059 -6.14831e-09
5.91331e-10 0.0212059 -5.95879e-09
5.48208e-10 0.0212059 -5.91682e-09
4.67151e-10 0.0212059 -6.27724e-09
1.43285e-10 0.0212059 -5.97775e-09
2.42841e-10 0.0212059 -6.09076e-09
4.58865e-10 0.0212059 -5.95224e-09
5.64444e-10 0.0212059 -6.15315e-09
9.35675e-10 0.0212059 -6.0655e-09
1.08463e-10 0.0212059 -5.91095e-09
1.66069e-10 0.0212059 -5.81209e-09
3.66292e-10 0.0212059 -5.88987e-09
6.47606e-10 0.0212059 -5.76536e-09
9.60057e-10 0.0212059 -5.81223e-09
-1.94484e-10 0.0212059 -5.76791e-09
2.07511e-10 0.0212059 -6.16319e-09
5.32752e-10 0.0212059 -5.82488e-09
6.85283e-10 0.0212059 -5.80092e-09
7.25361e-10 0.0212059 -6.02051e-09
6.1939e-10 0.0224484 -5.38065e-09
4.63466e-10 0.0224484 -5.5263e-09
7.58411e-10 0.0224484 -5.72457e-09
6.50656e-10 0.0224484 -5.80681e-09
1.34862e-09 0.0224484 -5.83794e-09
1.18513e-10 0.0224484 -5.66985e-09
5.41748e-10 0.0224484 -5.6974e-09
6.15139e-10 0.0224484 -5.75275e-09
7.12857e-10 0.0224484 -5.78989e-09
1.13517e-09 0.0224484 -5.92579e-09
2.35651e-11 0.0224484 -5.75448e-09
2.36251e-10 0.0224484 -5.60987e-09
7.16974e-10 0.0224484 -5.5462e-09
9.85534e-10 0.0224484 -5.68982e-09
9.74361e-10 0.0224484 -5.88638e-09
-1.11237e-10 0.0224484 -5.54897e-09
1.78296e-10 0.0224484 -5.72522e-09
6.51695e-10 0.0224484 -5.44234e-09
8.42596e-10 0.0224484 -5.4211e-09
1.14199e-09 0.0224484 -5.46408e-09
-2.31133e-10 0.0224484 -5.77297e-09
2.97081e-10 0.0224484 -5.48071e-09
7.17255e-10 0.0224484 -5.43639e-09
7.38366e-10 0.0224484 -5.64386e-09
7.24096e-10 0.0224484 -5.42433e-09
1.9155e-10 0.0237068 -5.32259e-09
5.01033e-10 0.0237068 -5.58819e-09
1.04669e-09 0.0237068 -5.58584e-09
9.81051e-10 0.0237068 -5.7734e-09
1.80428e-09 0.0237068 -5.53904e-09
-1.64846e-12 0.0237068 -5.62865e-09
6.89728e-10 0.0237068 -5.55713e-09
1.02466e-09 0.0237068 -5.56911e-09
1.01055e-09 0.0237068 -5.59132e-09
1.71228e-09 0.0237068 -5.41793e-09
2.66596e-11 0.0237068 -5.46387e-09
5.51448e-10 0.0237068 -5.36321e-09
1.08089e-09 0.0237068 -5.26108e-09
1.1155e-09 0.0237068 -5.51988e-09
1.68304e-09 0.0237068 -5.51444e-09
-6.42579e-11 0.0237068 -5.39691e-09
4.34382e-10 0.0237068 -5.28625e-09
9.18992e-10 0.0237068 -5.24501e-09
1.27743e-09 0.0237068 -5.38494e-09
1.64723e-09 0.0237068 -5.45219e-09
1.73926e-10 0.0237068 -5.48672e-09
6.67059e-10 0.0237068 -5.26947e-09
8.9795e-10 0.0237068 -5.18062e-09
1.26375e-09 0.0237068 -5.38635e-09
1.50097e-09 0.0237068 -5.17934e-09
2.81124e-10 0.0249814 -5.58068e-09
9.34355e-10 0.0249814 -5.93749e-09
1.25048e-09 0.0249814 -5.98489e-09
1.50419e-09 0.0249814 -5.65485e-09
1.63589e-09 0.0249814 -5.88429e-09
2.90919e-10 0.0249814 -5.30572e-09
9.63222e-10 0.0249814 -5.61906e-09
1.36538e-09 0.0249814 -5.844e-09
1.65008e-09 0.0249814 -5.59493e-09
1.66891e-09 0.0249814 -5.40304e-09
1.36195e-10 0.0249814 -5.63712e-09
8.97478e-10 0.0249814 -5.39811e-09
1.26784e-09 0.0249814 -5.35547e-09
1.4661e-09 0.0249814 -5.41083e-09
2.21649e-09 0.0249814 -5.43915e-09
1.40366e-10 0.0249814 -5.44905e-09
8.00599e-10 0.0249814 -5.3526e-09
1.26977e-09 0.0249814 -5.34729e-09
1.54104e-09 0.0249814 -5.28521e-09
1.82851e-09 0.0249814 -5.52182e-09
6.51692e-10 0.0249814 -5.2858e-09
8.58209e-10 0.0249814 -5.5254e-09
1.05927e-09 0.0249814 -5.287e-09
1.62716e-09 0.0249814 -5.30607e-09
1.63518e-09 0.0249814 -5.35592e-09
6.87566e-10 0.0262723 -5.69695e-09
9.93406e-10 0.0262723 -5.71843e-09
1.85779e-09 0.0262723 -5.89932e-09
2.36625e-09 0.0262723 -6.34981e-09
2.22252e-09 0.0262723 -6.00032e-09
8.69585e-10 0.0262723 -5.553e-09
1.1616e-09 0.0262723 -5.88386e-09
1.67834e-09 0.0262723 -5.8224e-09
1.93811e-09 0.0262723 -5.90889e-09
2.54483e-09 0.0262723 -6.06763e-09
7.59746e-10 0.0262723 -5.72764e-09
1.25633e-09 0.0262723 -5.48802e-09
1.78598e-09 0.0262723 -5.64728e-09
1.74463e-09 0.0262723 -5.69779e-09
2.42502e-09 0.0262723 -5.73176e-09
7.38069e-10 0.0262723 -5.5246e-09
1.0244e-09 0.0262723 -5.61135e-09
1.61079e-09 0.0262723 -5.54277e-09
1.75806e-09 0.0262723 -5.71776e-09
2.27674e-09 0.0262723 -5.72356e-09
7.4229e-10 0.0262723 -5.89951e-09
8.92848e-10 0.0262723 -5.75858e-09
1.60943e-09 0.0262723 -5.64999e-09
1.75376e-09 0.0262723 -5.75155e-09
2.50798e-09 0.0262723 -5.91908e-09
1.26911e-09 0.0275792 -6.45729e-09
1.82242e-09 0.0275792 -6.47801e-09
2.10261e-09 0.0275792 -6.37939e-09
2.50165e-09 0.0275792 -6.91882e-09
3.5394e-09 0.0275792 -6.71545e-09
1.19337e-09 0.0275792 -6.29327e-09
1.82387e-09 0.0275792 -6.04493e-09
2.17504e-09 0.0275792 -6.46636e-09
2.53833e-09 0.0275792 -6.6798e-09
2.73408e-09 0.0275792 -6.81991e-09
1.0765e-09 0.0275792 -6.01217e-09
1.69145e-09 0.0275792 -6.23675e-09
1.96742e-09 0.0275792 -6.259e-09
2.38367e-09 0.0275792 -6.65997e-09
2.78687e-09 0.0275792 -6.62743e-09
1.4241e-09 0.0275792 -6.05922e-09
1.75098e-09 0.0275792 -6.09383e-09
2.03126e-09 0.0275792 -6.2794e-09
2.34735e-09 0.0275792 -6.33801e-09
2.49167e-09 0.0275792 -6.52951e-09
8.17292e-10 0.0275792 -5.90747e-09
1.5595e-09 0.0275792 -6.31537e-09
2.00248e-09 0.0275792 -5.8822e-09
2.07529e-09 0.0275792 -6.21401e-09
2.33976e-09 0.0275792 -6.46426e-09
2.32924e-09 0.028901 -6.47513e-09
2.41037e-09 0.028901 -6.97392e-09
2.71628e-09 0.028901 -7.04902e-09
3.2859e-09 0.028901 -7.65933e-09
3.22056e-09 0.028901 -7.83821e-09
2.09615e-09 0.028901 -6.8632e-09
2.26764e-09 0.028901 -7.01873e-09
2.78329e-09 0.028901 -6.89504e-09
3.02105e-09 0.028901 -7.48103e-09
3.64422e-09 0.028901 -7.40505e-09
1.91846e-09 0.028901 -6.72667e-09
2.32375e-09 0.028901 -6.88002e-09
2.67859e-09 0.028901 -7.17094e-09
3.0411e-09 0.028901 -7.18905e-09
3.52985e-09 0.028901 -7.62253e-09
1.60532e-09 0.028901 -6.69013e-09
2.2874e-09 0.028901 -6.7012e-09
2.69451e-09 0.028901 -6.75493e-09
2.64834e-09 0.028901 -7.41218e-09
3.63474e-09 0.028901 -7.12252e-09
2.42193e-09 0.028901 -6.45684e-09
2.19477e-09 0.028901 -6.45603e-09
2.67289e-09 0.028901 -6.90093e-09
2.62451e-09 0.028901 -7.34016e-09
3.24093e-09 0.028901 -7.01957e-09
3.29807e-09 0.0302366 -7.78067e-09
2.88237e-09 0.0302366 -7.1912e-09
3.19358e-09 0.0302366 -7.31387e-09
3.56974e-09 0.0302366 -8.02856e-09
4.30981e-09 0.0302366 -8.54544e-09
2.72448e-09 0.0302366 -7.35108e-09
2.99734e-09 0.0302366 -7.24416e-09
3.36975e-09 0.0302366 -7.66912e-09
3.33793e-09 0.0302366 -7.77785e-09
4.31526e-09 0.0302366 -8.24999e-09
2.70349e-09 0.0302366 -7.34038e-09
3.08679e-09 0.0302366 -7.21863e-09
3.23756e-09 0.0302366 -7.24348e-09
3.51407e-09 0.0302366 -7.73444e-09
4.0141e-09 0.0302366 -8.02485e-09
3.08765e-09 0.0302366 -6.99396e-09
2.94983e-09 0.0302366 -6.94517e-09
3.41689e-09 0.0302366 -7.36919e-09
3.4482e-09 0.0302366 -7.79705e-09
3.58811e-09 0.0302366 -7.92468e-09
2.72901e-09 0.0302366 -6.86442e-09
2.93052e-09 0.0302366 -6.98951e-09
3.09738e-09 0.0302366 -7.51674e-09
3.58015e-09 0.0302366 -7.59321e-09
3.33955e-09 0.0302366 -7.60322e-09
3.15447e-09 0.0315855 -8.11651e-09
3.82202e-09 0.0315855 -7.92993e-09
3.84791e-09 0.0315855 -8.12822e-09
4.35791e-09 0.0315855 -8.64291e-09
4.28779e-09 0.0315855 -8.99303e-09
3.32447e-09 0.0315855 -7.89309e-09
3.79706e-09 0.0315855 -8.19851e-09
4.14152e-09 0.0315855 -7.83885e-09
4.025e-09 0.0315855 -8.4253e-09
4.6601e-09 0.0315855 -8.29749e-09
3.64492e-09 0.0315855 -7.77269e-09
3.93026e-09 0.0315855 -7.59711e-09
3.97895e-09 0.0315855 -7.8912e-09
3.92914e-09 0.0315855 -8.11922e-09
4.52854e-09 0.0315855 -8.3762e-09
3.53262e-09 0.0315855 -7.36795e-09
3.9783e-09 0.0315855 -7.68959e-09
3.8658e-09 0.0315855 -7.60454e-09
3.9743e-09 0.0315855 -8.24384e-09
4.39521e-09 0.0315855 -8.28775e-09
3.8149e-09 0.0315855 -7.16796e-09
3.75935e-09 0.0315855 -7.18727e-09
3.97704e-09 0.0315855 -8.03314e-09
3.74696e-09 0.0315855 -8.26208e-09
3.70236e-09 0.0315855 -8.68329e-09
4.26896e-09 0.0329485 -8.27848e-09
4.26201e-09 0.0329485 -8.81398e-09
5.18049e-09 0.0329485 -8.48116e-09
4.94047e-09 0.0329485 -9.22602e-09
5.00649e-09 0.0329485 -8.8378e-09
4.03239e-09 0.0329485 -8.78684e-09
4.6008e-09 0.0329485 -8.25952e-09
5.04803e-09 0.0329485 -8.73487e-09
4.8457e-09 0.0329485 -8.79364e-09
5.36558e-09 0.0329485 -8.77048e-09
4.70469e-09 0.0329485 -7.9595e-09
4.69719e-09 0.0329485 -8.42742e-09
4.69703e-09 0.0329485 -8.74544e-09
4.65039e-09 0.0329485 -8.55569e-09
4.94869e-09 0.0329485 -8.50771e-09
5.00263e-09 0.0329485 -8.31249e-09
4.79139e-09 0.0329485 -7.91149e-09
4.60399e-09 0.0329485 -8.34503e-09
4.5692e-09 0.0329485 -8.27629e-09
4.7127e-09 0.0329485 -8.65744e-09
4.9151e-09 0.0329485 -7.57446e-09
4.64394e-09 0.0329485 -7.95624e-09
4.72301e-09 0.0329485 -7.73813e-09
4.39864e-09 0.0329485 -8.39413e-09
4.54949e-09 0.0329485 -8.31979e-09
5.00614e-09 0.0343258 -8.93603e-09
5.49918e-09 0.0343258 -8.88048e-09
5.72456e-09 0.0343258 -9.64637e-09
5.61322e-09 0.0343258 -8.62595e-09
6.15118e-09 0.0343258 -9.42171e-09
5.41063e-09 0.0343258 -9.20576e-09
5.38172e-09 0.0343258 -9.36421e-09
5.66902e-09 0.0343258 -9.39045e-09
5.56981e-09 0.0343258 -9.22395e-09
5.70028e-09 0.0343258 -9.2155e-09
5.3992e-09 0.0343258 -8.87415e-09
5.43365e-09 0.0343258 -9.3251e-09
5.40374e-09 0.0343258 -9.23191e-09
5.51027e-09 0.0343258 -9.08352e-09
6.06652e-09 0.0343258 -9.1386e-09
5.62721e-09 0.0343258 -8.82368e-09
5.49329e-09 0.0343258 -9.06613e-09
5.42267e-09 0.0343258 -9.09112e-09
5.42448e-09 0.0343258 -9.02627e-09
5.65146e-09 0.0343258 -8.66365e-09
5.16609e-09 0.0343258 -8.82652e-09
5.54399e-09 0.0343258 -8.89381e-09
5.46563e-09 0.0343258 -9.34305e-09
5.15695e-09 0.0343258 -8.63815e-09
5.25673e-09 0.0343258 -9.19509e-09
6.22492e-09 0.0357149 -9.57873e-09
6.28699e-09 0.0357149 -9.40363e-09
6.34572e-09 0.0357149 -8.89918e-09
6.46063e-09 0.0357149 -1.00487e-08
6.65623e-09 0.0357149 -9.14995e-09
6.25032e-09 0.0357149 -9.47308e-09
6.39031e-09 0.0357149 -9.25015e-09
6.3605e-09 0.0357149 -9.77202e-09
6.26872e-09 0.0357149 -9.64478e-09
7.21913e-09 0.0357149 -9.44299e-09
6.09834e-09 0.0357149 -9.4667e-09
6.48483e-09 0.0357149 -9.7448e-09
6.42678e-09 0.0357149 -9.54292e-09
6.11592e-09 0.0357149 -9.30106e-09
7.11947e-09 0.0357149 -9.45734e-09
6.35156e-09 0.0357149 -9.52032e-09
6.39629e-09 0.0357149 -9.20452e-09
6.25663e-09 0.0357149 -9.53465e-09
6.53135e-09 0.0357149 -9.40299e-09
5.98727e-09 0.0357149 -8.99429e-09
7.3608e-09 0.0357149 -9.45212e-09
5.90738e-09 0.0357149 -9.73355e-09
6.47336e-09 0.0357149 -9.63924e-09
6.18226e-09 0.0357149 -9.78683e-09
6.71336e-09 0.0357149 -8.97547e-09
7.62173e-09 0.037111 -9.75611e-09
7.23029e-09 0.037111 -9.40852e-09
7.07695e-09 0.037111 -9.26746e-09
7.17565e-09 0.037111 -9.61133e-09
7.8829e-09 0.037111 -9.53518e-09
7.18418e-09 0.037111 -9.55972e-09
7.22513e-09 0.037111 -9.79152e-09
6.98999e-09 0.037111 -9.36401e-09
7.15219e-09 0.037111 -9.32874e-09
7.30029e-09 0.037111 -9.25922e-09
7.08053e-09 0.037111 -9.80657e-09
7.00146e-09 0.037111 -9.3568e-09
7.26598e-09 0.037111 -9.58902e-09
7.35531e-09 0.037111 -9.1628e-09
7.06879e-09 0.037111 -9.17337e-09
7.10706e-09 0.037111 -9.61308e-09
7.18758e-09 0.037111 -9.82302e-09
7.32324e-09 0.037111 -9.45326e-09
7.02826e-09 0.037111 -9.46216e-09
7.24156e-09 0.037111 -9.28928e-09
6.99459e-09 0.037111 -9.54061e-09
7.52778e-09 0.037111 -9.41272e-09
7.03043e-09 0.037111 -9.45881e-09
7.17078e-09 0.037111 -9.24078e-09
7.03753e-09 0.037111 -9.52051e-09
7.65385e-09 0.0385132 -1.04533e-08
8.39527e-09 0.0385132 -9.6675e-09
7.78388e-09 0.0385132 -9.4822e-09
7.98236e-09 0.0385132 -8.77051e-09
7.22867e-09 0.0385132 -9.24599e-09
7.99815e-09 0.0385132 -9.65533e-09
8.26567e-09 0.0385132 -9.68074e-09
7.8587e-09 0.0385132 -9.29185e-09
7.41067e-09 0.0385132 -8.87292e-09
8.20776e-09 0.0385132 -8.97916e-09
8.29677e-09 0.0385132 -9.74072e-09
8.14279e-09 0.0385132 -9.40867e-09
8.01603e-09 0.0385132 -8.97175e-09
7.48368e-09 0.0385132 -8.94826e-09
7.25124e-09 0.0385132 -9.16452e-09
8.0976e-09 0.0385132 -9.3655e-09
8.06843e-09 0.0385132 -9.76693e-09
8.11606e-09 0.0385132 -9.00552e-09
7.85735e-09 0.0385132 -8.86384e-09
7.37823e-09 0.0385132 -8.82116e-09
8.49877e-09 0.0385132 -1.00254e-08
7.82373e-09 0.0385132 -9.82375e-09
8.3498e-09 0.0385132 -8.75009e-09
7.47783e-09 0.0385132 -9.31185e-09
7.66556e-09 0.0385132 -9.2601e-09
8.01859e-09 0.0399305 -9.82712e-09
9.56305e-09 0.0399305 -9.94061e-09
8.81379e-09 0.0399305 -8.67371e-09
7.97244e-09 0.0399305 -9.62056e-09
7.18634e-09 0.0399305 -8.2401e-09
9.20127e-09 0.0399305 -9.78517e-09
9.00775e-09 0.0399305 -9.65718e-09
8.94947e-09 0.0399305 -9.68054e-09
7.65762e-09 0.0399305 -8.58929e-09
8.10093e-09 0.0399305 -8.8581e-09
1.01926e-08 0.0399305 -9.59621e-09
9.06089e-09 0.0399305 -1.00344e-08
8.47385e-09 0.0399305 -9.1046e-09
7.52457e-09 0.0399305 -8.76746e-09
7.74617e-09 0.0399305 -8.07414e-09
1.00149e-08 0.0399305 -9.94004e-09
9.05454e-09 0.0399305 -9.86586e-09
8.31815e-09 0.0399305 -9.1283e-09
7.8511e-09 0.0399305 -8.32711e-09
7.27536e-09 0.0399305 -8.43867e-09
9.15918e-09 0.0399305 -1.02407e-08
9.15445e-09 0.0399305 -9.35919e-09
8.8421e-09 0.0399305 -8.74283e-09
7.66596e-09 0.0399305 -8.68384e-09
7.09866e-09 0.0399305 -8.57369e-09
9.40398e-09 0.041369 -1.06039e-08
1.00706e-08 0.041369 -1.03398e-08
8.71986e-09 0.041369 -1.11651e-08
7.8776e-09 0.041369 -9.47933e-09
8.14847e-09 0.041369 -9.01025e-09
9.37609e-09 0.041369 -1.15067e-08
9.31011e-09 0.041369 -1.16181e-08
9.2057e-09 0.041369 -1.04234e-08
8.17904e-09 0.041369 -9.29265e-09
7.2781e-09 0.041369 -8.44194e-09
1.04893e-08 0.041369 -1.14794e-08
9.43956e-09 0.041369 -1.10712e-08
9.15895e-09 0.041369 -1.0492e-08
8.31389e-09 0.041369 -8.52248e-09
6.63069e-09 0.041369 -8.6311e-09
1.03664e-08 0.041369 -1.15187e-08
9.43255e-09 0.041369 -1.11309e-08
9.04664e-09 0.041369 -9.84974e-09
7.8113e-09 0.041369 -9.17685e-09
7.7535e-09 0.041369 -7.77834e-09
1.02617e-08 0.041369 -1.23109e-08
9.27192e-09 0.041369 -1.08846e-08
8.15134e-09 0.041369 -1.0282e-08
7.80032e-09 0.041369 -9.03964e-09
6.7774e-09 0.041369 -7.47539e-09
8.90907e-09 0.0428003 -1.50687e-08
9.16404e-09 0.0428003 -1.68643e-08
8.81569e-09 0.0428003 -1.17395e-08
7.43059e-09 0.0428003 -1.04018e-08
7.69612e-09 0.0428003 -8.41652e-09
9.54991e-09 0.0428003 -1.52297e-08
9.17718e-09 0.0428003 -1.32584e-08
8.93179e-09 0.0428003 -1.40208e-08
8.85134e-09 0.0428003 -9.84323e-09
8.73608e-09 0.0428003 -9.63512e-09
8.47007e-09 0.0428003 -1.36362e-08
8.55303e-09 0.0428003 -1.36083e-08
9.87686e-09 0.0428003 -1.36371e-08
9.27845e-09 0.0428003 -1.11042e-08
6.93947e-09 0.0428003 -9.14538e-09
9.78901e-09 0.0428003 -1.32609e-08
9.34158e-09 0.0428003 -1.54112e-08
8.82449e-09 0.0428003 -1.26478e-08
8.68406e-09 0.0428003 -7.51367e-09
6.69857e-09 0.0428003 -8.98999e-09
8.30591e-09 0.0428003 -1.23032e-08
1.00188e-08 0.0428003 -1.5996e-08
8.96068e-09 0.0428003 -6.41163e-09
6.52576e-09 0.0428003 -6.73421e-09
7.9603e-09 0.0428003 -6.493e-09
7.61901e-09 0.044191 -1.55994e-08
9.79267e-09 0.0441909 -1.64891e-08
9.32424e-09 0.044191 -2.39408e-08
1.1634e-08 0.0441909 -2.25582e-08
3.82192e-09 0.0441909 -1.28934e-08
2.03141e-09 0.0441909 -1.88039e-08
7.29703e-09 0.0441909 -1.51571e-08
9.04022e-09 0.0441909 -1.68979e-08
1.20497e-08 0.044191 -1.50113e-08
7.56432e-09 0.0441909 -9.34911e-09
9.23046e-09 0.0441909 -1.39318e-08
5.91461e-09 0.044191 -1.51682e-08
8.55675e-09 0.044191 -1.33937e-08
1.19335e-08 0.0441909 -1.2107e-08
8.68397e-09 0.044191 -1.28415e-08
5.20373e-09 0.0441909 -1.76699e-08
7.67427e-09 0.0441909 -1.35441e-08
1.26667e-08 0.0441909 -1.49588e-08
7.59206e-09 0.0441909 -1.17594e-08
1.23896e-08 0.044191 -1.1402e-08
2.16707e-09 0.044191 -1.93811e-08
9.51691e-09 0.0441908 -8.47263e-09
1.2938e-08 0.044191 -1.84662e-08
2.69245e-09 0.044191 -5.5179e-09
7.69541e-09 0.0441909 -4.70254e-09
-7.57916e-09 0.0456496 -1.31512e-08
-6.37397e-09 0.0456497 -1.25993e-08
6.0671e-09 0.0456497 -1.75366e-08
1.65396e-08 0.0456497 -2.46084e-08
2.05758e-08 0.0456495 -7.14385e-09
-7.65226e-10 0.0456496 -1.92499e-08
4.20749e-09 0.0456496 -9.20272e-09
6.23575e-09 0.0456496 -1.29173e-08
2.18418e-08 0.0456495 -1.10366e-08
7.53384e-09 0.0456497 -1.32532e-08
-5.30531e-09 0.0456496 -1.91385e-08
4.92946e-09 0.0456496 -1.48787e-08
1.119e-08 0.0456495 -1.46189e-08
7.34076e-09 0.0456496 -1.17777e-08
1.69725e-08 0.0456497 -1.52022e-08
-2.43642e-09 0.0456496 -1.25145e-08
5.71592e-09 0.0456494 -1.24904e-08
7.76194e-09 0.0456496 -1.59285e-08
1.30138e-08 0.0456495 -1.26159e-08
1.0062e-08 0.0456495 -1.457e-08
6.90358e-09 0.0456493 -7.04586e-09
2.19711e-09 0.0456496 -1.11324e-08
8.4072e-09 0.0456493 -1.38996e-08
2.08939e-08 0.0456496 -2.13158e-08
3.28237e-09 0.0456497 -1.54614e-09
1.77749e-08 0.0472162 -1.40071e-08
-2.256e-09 0.0472161 -3.69664e-09
9.06607e-09 0.0472162 -6.53984e-09
2.11548e-08 0.0472161 -8.54067e-09
-9.14042e-09 0.0472161 -1.35492e-08
-6.86697e-09 0.0472163 -1.08805e-08
3.8361e-09 0.0472162 -9.76905e-09
8.28818e-09 0.0472161 -2.41971e-09
8.89645e-09 0.0472161 -1.10324e-08
1.87007e-08 0.0472162 -1.27335e-08
-7.98605e-09 0.0472162 -7.43239e-09
2.62787e-09 0.047216 -5.25415e-09
8.68977e-09 0.0472162 -1.03777e-08
7.28096e-09 0.0472161 -7.09213e-09
2.34469e-08 0.0472162 -9.16394e-09
-4.0709e-09 0.047216 -6.83451e-09
2.92738e-09 0.0472161 -1.02425e-08
3.68857e-09 0.047216 -8.38205e-09
1.391e-08 0.0472162 -8.81289e-09
1.46683e-08 0.047216 -8.53402e-09
2.17251e-08 0.0472161 -9.49785e-09
-3.22416e-10 0.0472161 -1.02375e-08
4.56248e-09 0.0472159 -6.07838e-09
1.27347e-08 0.047216 -2.56998e-09
2.34959e-08 0.047216 -1.29643e-08
-3.24599e-09 0.0484345 -9.37763e-09
1.25669e-09 0.0484346 -1.45094e-08
8.18841e-09 0.0484345 -2.94278e-09
7.06075e-09 0.0484346 -1.4159e-08
1.83172e-08 0.0484345 -1.41808e-08
-3.63775e-09 0.0484345 -4.15581e-09
2.95438e-09 0.0484345 -2.46322e-09
5.36875e-09 0.0484346 1.79284e-10
6.29205e-09 0.0484345 -3.58204e-09
7.36219e-09 0.0484345 -1.02933e-08
-6.28143e-09 0.0484345 4.34454e-10
-8.39805e-10 0.0484344 -2.31797e-09
3.6282e-09 0.0484345 1.629e-09
7.27505e-09 0.0484345 -5.24489e-09
1.58367e-08 0.0484346 -1.58184e-09
-2.62946e-09 0.0484346 -5.70822e-09
3.48621e-10 0.0484344 -9.3155e-10
3.23814e-09 0.0484345 -1.63382e-09
4.52985e-09 0.0484344 -1.27625e-09
1.41276e-08 0.0484344 -7.88987e-11
-3.78918e-09 0.0484343 -2.03564e-08
4.01354e-09 0.0484345 -7.06345e-09
4.73528e-09 0.0484344 -8.59905e-09
1.52293e-08 0.0484345 -6.31189e-09
3.84898e-09 0.0484344 -1.24123e-09
0 0.05 0
0 0.05 0
0 0.05 0
0 0.05 0
0 0.05 0
0 0.05 0
0 0.05 0
0 0.05 0
0 0.05 0
0 0.05 0
0 0.05 0
0 0.05 0
0 0.05 0
0 0.05 0
0 0.05 0
0 0.05 0
0 0.05 0
0 0.05 0
0 0.05 0
0 0.05 0
0 0.05 0
0 0.05 0
0 0.05 0
0 0.05 0
0 0.05 0
