0 0 0
0 0 0
0 0 0
0 0 0
0 0 0
0 0 0
0 0 0
0 0 0
0 0 0
0 0 0
0 0 0
0 0 0
0 0 0
0 0 0
0 0 0
0 0 0
0 0 0
0 0 0
0 0 0
0 0 0
0 0 0
0 0 0
0 0 0
0 0 0
0 0 0
-4.14306e-10 0.00121563 9.44928e-10
-5.84125e-10 0.00121563 9.30625e-10
-6.73352e-10 0.00121563 9.21969e-10
-7.74186e-10 0.00121563 9.52847e-10
-9.32302e-10 0.00121563 9.26245e-10
-4.2075e-10 0.00121563 9.25956e-10
-5.82312e-10 0.00121563 9.30525e-10
-6.76533e-10 0.00121563 9.24457e-10
-7.80731e-10 0.00121563 9.30562e-10
-9.20777e-10 0.00121563 9.30544e-10
-3.98591e-10 0.00121563 9.37666e-10
-5.84801e-10 0.00121563 9.36905e-10
-6.85687e-10 0.00121563 9.28668e-10
-7.70134e-10 0.00121563 9.35701e-10
-9.35799e-10 0.00121563 9.36469e-10
-3.72106e-10 0.00121563 9.53497e-10
-5.81141e-10 0.00121563 9.3946e-10
-6.76635e-10 0.00121563 9.54025e-10
-7.82174e-10 0.00121563 9.52642e-10
-9.78141e-10 0.00121563 9.49048e-10
-3.6042e-10 0.00121563 9.4453e-10
-5.72366e-10 0.00121563 9.56015e-10
-6.82163e-10 0.00121563 9.53184e-10
-7.97067e-10 0.00121563 9.69437e-10
-9.7315e-10 0.00121563 9.63878e-10
-1.06258e-09 0.00243147 1.90443e-09
-1.21245e-09 0.00243146 1.89525e-09
-1.31507e-09 0.00243146 1.91165e-09
-1.49793e-09 0.00243146 1.88628e-09
-1.62467e-09 0.00243146 1.86313e-09
-1.04972e-09 0.00243146 1.92398e-09
-1.19851e-09 0.00243146 1.9158e-09
-1.34617e-09 0.00243146 1.90105e-09
-1.47558e-09 0.00243146 1.90252e-09
-1.65466e-09 0.00243146 1.9074e-09
-1.01461e-09 0.00243146 1.91252e-09
-1.19043e-09 0.00243146 1.91976e-09
-1.35699e-09 0.00243146 1.89023e-09
-1.5004e-09 0.00243146 1.91424e-09
-1.64116e-09 0.00243146 1.92878e-09
-9.75274e-10 0.00243146 1.91264e-09
-1.20559e-09 0.00243146 1.91759e-09
-1.34048e-09 0.00243146 1.9321e-09
-1.52362e-09 0.00243146 1.92763e-09
-1.66911e-09 0.00243146 1.93027e-09
-9.88072e-10 0.00243146 1.94991e-09
-1.15646e-09 0.00243146 1.91134e-09
-1.36762e-09 0.00243146 1.9323e-09
-1.51164e-09 0.00243146 1.95022e-09
-1.72185e-09 0.00243146 1.93542e-09
-1.71285e-09 0.00364771 2.94518e-09
-1.83077e-09 0.00364771 2.89652e-09
-1.97584e-09 0.00364771 2.89097e-09
-2.1781e-09 0.00364771 2.88226e-09
-2.31e-09 0.00364771 2.90225e-09
-1.68399e-09 0.00364771 2.87607e-09
-1.84389e-09 0.00364771 2.91494e-09
-1.97559e-09 0.00364771 2.89453e-09
-2.16194e-09 0.00364771 2.89664e-09
-2.27411e-09 0.00364771 2.89407e-09
-1.60806e-09 0.00364771 2.87923e-09
-1.83959e-09 0.00364771 2.88219e-09
-1.99416e-09 0.00364771 2.9334e-09
-2.14585e-09 0.00364771 2.91354e-09
-2.29219e-09 0.00364771 2.91028e-09
-1.61612e-09 0.00364771 2.84987e-09
-1.81055e-09 0.00364771 2.88693e-09
-2.00522e-09 0.00364771 2.91199e-09
-2.1557e-09 0.00364771 2.9365e-09
-2.34573e-09 0.00364771 2.91414e-09
-1.60595e-09 0.00364771 2.83103e-09
-1.80359e-09 0.00364771 2.86399e-09
-1.98793e-09 0.00364771 2.91088e-09
-2.1718e-09 0.00364771 2.93275e-09
-2.39554e-09 0.00364771 2.9319e-09
-2.26915e-09 0.00486458 3.85837e-09
-2.50984e-09 0.00486458 3.89668e-09
-2.57204e-09 0.00486458 3.83295e-09
-2.75779e-09 0.00486458 3.83656e-09
-2.83017e-09 0.00486458 3.89389e-09
-2.30883e-09 0.00486458 3.8581e-09
-2.45793e-09 0.00486458 3.83117e-09
-2.57978e-09 0.00486458 3.86487e-09
-2.76696e-09 0.00486458 3.88048e-09
-2.89442e-09 0.00486458 3.94286e-09
-2.34261e-09 0.00486458 3.82384e-09
-2.44699e-09 0.00486458 3.8381e-09
-2.56087e-09 0.00486458 3.86814e-09
-2.77152e-09 0.00486458 3.91964e-09
-2.8801e-09 0.00486458 3.9114e-09
-2.24316e-09 0.00486458 3.80843e-09
-2.43659e-09 0.00486458 3.8482e-09
-2.58531e-09 0.00486458 3.85368e-09
-2.76764e-09 0.00486458 3.90428e-09
-2.8916e-09 0.00486457 3.89853e-09
-2.30532e-09 0.00486458 3.87697e-09
-2.38802e-09 0.00486458 3.83898e-09
-2.59258e-09 0.00486458 3.83012e-09
-2.73848e-09 0.00486458 3.89471e-09
-2.97152e-09 0.00486457 3.88751e-09
-2.91267e-09 0.00608226 4.83057e-09
-3.11089e-09 0.00608226 4.77449e-09
-3.18348e-09 0.00608226 4.81661e-09
-3.26688e-09 0.00608226 4.82202e-09
-3.47062e-09 0.00608226 4.81032e-09
-2.95673e-09 0.00608226 4.75494e-09
-3.05239e-09 0.00608226 4.8564e-09
-3.11112e-09 0.00608226 4.78191e-09
-3.29448e-09 0.00608226 4.8796e-09
-3.43108e-09 0.00608226 4.86457e-09
-2.96805e-09 0.00608226 4.77964e-09
-3.06207e-09 0.00608226 4.83023e-09
-3.1123e-09 0.00608226 4.85453e-09
-3.32089e-09 0.00608226 4.91232e-09
-3.47888e-09 0.00608226 4.98509e-09
-2.93035e-09 0.00608226 4.82647e-09
-3.00197e-09 0.00608226 4.85325e-09
-3.12566e-09 0.00608226 4.92528e-09
-3.33078e-09 0.00608226 4.89125e-09
-3.45765e-09 0.00608226 4.90825e-09
-2.91581e-09 0.00608226 4.8586e-09
-2.94503e-09 0.00608226 4.89316e-09
-3.12565e-09 0.00608226 4.93483e-09
-3.29588e-09 0.00608226 4.90596e-09
-3.472e-09 0.00608226 4.95582e-09
-3.53495e-09 0.00730097 5.7235e-09
-3.65592e-09 0.00730097 5.84325e-09
-3.58695e-09 0.00730097 5.62965e-09
-3.84689e-09 0.00730097 5.70076e-09
-3.68674e-09 0.00730097 5.80935e-09
-3.53786e-09 0.00730097 5.81776e-09
-3.6621e-09 0.00730097 5.73084e-09
-3.62955e-09 0.00730097 5.76488e-09
-3.76199e-09 0.00730097 5.78369e-09
-3.97695e-09 0.00730096 5.81544e-09
-3.58284e-09 0.00730097 5.79846e-09
-3.57318e-09 0.00730097 5.80823e-09
-3.64069e-09 0.00730097 5.76898e-09
-3.7672e-09 0.00730097 5.79143e-09
-4.04447e-09 0.00730097 5.86368e-09
-3.50137e-09 0.00730097 5.87294e-09
-3.56443e-09 0.00730097 5.85287e-09
-3.66182e-09 0.00730097 5.8457e-09
-3.8447e-09 0.00730097 5.83581e-09
-3.90942e-09 0.00730097 5.92771e-09
-3.51112e-09 0.00730096 5.86805e-09
-3.52238e-09 0.00730097 5.88611e-09
-3.68533e-09 0.00730097 5.9659e-09
-3.89662e-09 0.00730096 5.95599e-09
-3.90409e-09 0.00730096 5.75227e-09
-4.17574e-09 0.00852088 6.7319e-09
-4.20476e-09 0.00852088 6.65628e-09
-4.17488e-09 0.00852088 6.79517e-09
-4.10843e-09 0.00852088 6.50326e-09
-4.53752e-09 0.00852088 6.64537e-09
-4.162e-09 0.00852088 6.70311e-09
-4.16405e-09 0.00852088 6.6926e-09
-4.15742e-09 0.00852088 6.71567e-09
-4.20515e-09 0.00852088 6.68657e-09
-4.35619e-09 0.00852088 6.64069e-09
-4.07759e-09 0.00852088 6.81721e-09
-4.14606e-09 0.00852088 6.75132e-09
-4.16726e-09 0.00852088 6.75275e-09
-4.24747e-09 0.00852088 6.68621e-09
-4.47047e-09 0.00852088 6.65646e-09
-4.09992e-09 0.00852088 6.73937e-09
-4.05098e-09 0.00852088 6.77624e-09
-4.16811e-09 0.00852088 6.72686e-09
-4.30738e-09 0.00852088 6.78916e-09
-4.49822e-09 0.00852088 6.73993e-09
-4.09802e-09 0.00852088 6.84844e-09
-4.02032e-09 0.00852088 6.71779e-09
-4.1358e-09 0.00852088 6.8218e-09
-4.38768e-09 0.00852088 6.91284e-09
-4.32734e-09 0.00852088 6.80117e-09
-4.52563e-09 0.00974219 7.50703e-09
-4.63703e-09 0.00974219 7.65518e-09
-4.52299e-09 0.00974219 7.64127e-09
-4.80357e-09 0.00974219 7.57028e-09
-4.49112e-09 0.00974219 7.39485e-09
-4.64986e-09 0.00974219 7.64083e-09
-4.5726e-09 0.00974219 7.66583e-09
-4.57496e-09 0.00974219 7.57135e-09
-4.76776e-09 0.00974219 7.49605e-09
-4.70798e-09 0.00974219 7.50272e-09
-4.56846e-09 0.00974219 7.57753e-09
-4.6221e-09 0.00974219 7.62747e-09
-4.55562e-09 0.00974219 7.56094e-09
-4.82916e-09 0.00974219 7.52429e-09
-4.71286e-09 0.00974219 7.53473e-09
-4.55451e-09 0.00974219 7.64509e-09
-4.56396e-09 0.00974219 7.57643e-09
-4.60564e-09 0.00974219 7.56026e-09
-4.79681e-09 0.00974219 7.61719e-09
-4.87919e-09 0.00974219 7.62972e-09
-4.36141e-09 0.00974219 7.50823e-09
-4.64948e-09 0.00974219 7.64102e-09
-4.51657e-09 0.00974219 7.5038e-09
-4.71882e-09 0.00974219 7.63146e-09
-5.03151e-09 0.00974219 7.6108e-09
-4.75326e-09 0.0109651 8.31952e-09
-4.88893e-09 0.0109651 8.20598e-09
-5.13378e-09 0.0109651 8.31044e-09
-5.06282e-09 0.0109651 8.15687e-09
-5.61409e-09 0.0109651 8.24465e-09
-4.83172e-09 0.0109651 8.28112e-09
-5.02252e-09 0.0109651 8.2944e-09
-5.09515e-09 0.0109651 8.27258e-09
-5.17752e-09 0.0109651 8.20663e-09
-5.06621e-09 0.0109651 8.14888e-09
-4.98201e-09 0.0109651 8.34139e-09
-5.05512e-09 0.0109651 8.33922e-09
-5.07573e-09 0.0109651 8.22845e-09
-5.17577e-09 0.0109651 8.22633e-09
-5.21656e-09 0.0109651 8.33646e-09
-4.94672e-09 0.0109651 8.18588e-09
-5.00311e-09 0.0109651 8.36745e-09
-4.99197e-09 0.0109651 8.3795e-09
-5.13339e-09 0.0109651 8.42018e-09
-5.15878e-09 0.0109651 8.41774e-09
-5.12398e-09 0.0109651 8.19273e-09
-4.85257e-09 0.0109651 8.14904e-09
-4.97156e-09 0.0109651 8.4576e-09
-5.13803e-09 0.0109651 8.41428e-09
-5.5816e-09 0.0109651 8.27612e-09
-5.53223e-09 0.0121897 8.97159e-09
-5.48217e-09 0.0121897 8.92641e-09
-5.39557e-09 0.0121897 8.7025e-09
-5.58118e-09 0.0121897 8.99387e-09
-5.31802e-09 0.0121897 8.9038e-09
-5.45244e-09 0.0121897 8.92662e-09
-5.42172e-09 0.0121897 8.95266e-09
-5.471e-09 0.0121897 8.84441e-09
-5.60754e-09 0.0121897 8.82291e-09
-5.35495e-09 0.0121897 8.88131e-09
-5.3968e-09 0.0121897 8.89351e-09
-5.46833e-09 0.0121897 8.97515e-09
-5.58142e-09 0.0121897 8.93301e-09
-5.51429e-09 0.0121897 8.94124e-09
-5.51743e-09 0.0121897 8.86474e-09
-5.36709e-09 0.0121897 8.8954e-09
-5.46805e-09 0.0121897 8.88226e-09
-5.39493e-09 0.0121897 8.95387e-09
-5.51089e-09 0.0121897 8.88664e-09
-5.79244e-09 0.0121897 8.87318e-09
-5.41356e-09 0.0121897 8.96988e-09
-5.23118e-09 0.0121897 9.02947e-09
-5.34306e-09 0.0121897 8.93837e-09
-5.84913e-09 0.0121897 8.98893e-09
-5.4399e-09 0.0121897 8.88569e-09
-5.73218e-09 0.0134162 9.47886e-09
-5.75812e-09 0.0134162 9.43413e-09
-5.70827e-09 0.0134162 9.61429e-09
-5.85967e-09 0.0134162 9.56938e-09
-5.9837e-09 0.0134162 9.84886e-09
-5.85361e-09 0.0134162 9.50262e-09
-5.82027e-09 0.0134162 9.50787e-09
-5.90341e-09 0.0134162 9.42286e-09
-5.86438e-09 0.0134162 9.55577e-09
-5.86625e-09 0.0134162 9.66152e-09
-5.94564e-09 0.0134162 9.51068e-09
-5.82656e-09 0.0134162 9.40785e-09
-5.88824e-09 0.0134162 9.5853e-09
-5.96256e-09 0.0134162 9.44796e-09
-5.67169e-09 0.0134162 9.53669e-09
-5.72154e-09 0.0134162 9.4922e-09
-5.87883e-09 0.0134162 9.50953e-09
-5.88219e-09 0.0134162 9.51613e-09
-5.92211e-09 0.0134162 9.54552e-09
-6.09786e-09 0.0134162 9.63873e-09
-5.82977e-09 0.0134162 9.57705e-09
-5.86313e-09 0.0134162 9.52949e-09
-5.94813e-09 0.0134162 9.38814e-09
-5.78965e-09 0.0134162 9.42288e-09
-6.1955e-09 0.0134162 9.65384e-09
-6.04925e-09 0.0146447 1.01295e-08
-6.08201e-09 0.0146447 9.9695e-09
-6.14659e-09 0.0146447 1.01711e-08
-6.11727e-09 0.0146447 9.9062e-09
-6.6998e-09 0.0146447 1.0204e-08
-5.97429e-09 0.0146447 1.00881e-08
-6.15793e-09 0.0146447 1.00394e-08
-6.15249e-09 0.0146447 1.01335e-08
-6.28964e-09 0.0146447 1.01002e-08
-6.34745e-09 0.0146447 1.00239e-08
-6.02189e-09 0.0146447 9.9414e-09
-6.22478e-09 0.0146447 1.00105e-08
-6.09331e-09 0.0146447 9.90516e-09
-6.32267e-09 0.0146447 1.0249e-08
-6.09992e-09 0.0146447 1.01729e-08
-6.05704e-09 0.0146447 9.94782e-09
-6.22512e-09 0.0146447 9.9366e-09
-6.12627e-09 0.0146447 1.00746e-08
-6.28835e-09 0.0146447 1.00843e-08
-6.35207e-09 0.0146447 1.00279e-08
-6.08345e-09 0.0146447 1.01266e-08
-6.2731e-09 0.0146447 1.01387e-08
-6.14238e-09 0.0146447 9.88371e-09
-6.2918e-09 0.0146447 1.01086e-08
-6.56848e-09 0.0146447 1.00171e-08
-6.55529e-09 0.0158754 1.06225e-08
-6.37112e-09 0.0158754 1.05352e-08
-6.50351e-09 0.0158754 1.058e-08
-6.73248e-09 0.0158754 1.05236e-08
-6.25847e-09 0.0158754 1.04568e-08
-6.28496e-09 0.0158754 1.05357e-08
-6.5307e-09 0.0158754 1.06122e-08
-6.49303e-09 0.0158754 1.049e-08
-6.43419e-09 0.0158754 1.06348e-08
-6.55202e-09 0.0158754 1.06197e-08
-6.49762e-09 0.0158754 1.03481e-08
-6.47671e-09 0.0158754 1.04619e-08
-6.34299e-09 0.0158754 1.05258e-08
-6.40614e-09 0.0158754 1.05873e-08
-6.85283e-09 0.0158754 1.05423e-08
-6.67524e-09 0.0158754 1.04948e-08
-6.41435e-09 0.0158754 1.04008e-08
-6.29729e-09 0.0158754 1.05507e-08
-6.5169e-09 0.0158754 1.05327e-08
-6.50811e-09 0.0158754 1.05181e-08
-6.66181e-09 0.0158754 1.05198e-08
-6.47501e-09 0.0158754 1.04591e-08
-6.44496e-09 0.0158754 1.06084e-08
-6.3953e-09 0.0158754 1.06554e-08
-6.49192e-09 0.0158754 1.05712e-08
-6.33965e-09 0.0171085 1.10062e-08
-6.77972e-09 0.0171085 1.09826e-08
-6.70308e-09 0.0171085 1.09356e-08
-6.6355e-09 0.0171085 1.09246e-08
-6.86416e-09 0.0171084 1.11658e-08
-6.44499e-09 0.0171085 1.08396e-08
-6.71596e-09 0.0171085 1.08896e-08
-6.72655e-09 0.0171085 1.09287e-08
-6.77074e-09 0.0171085 1.09549e-08
-6.94292e-09 0.0171084 1.1018e-08
-6.85441e-09 0.0171085 1.09387e-08
-6.58761e-09 0.0171085 1.09618e-08
-6.51591e-09 0.0171085 1.10693e-08
-6.80681e-09 0.0171084 1.08011e-08
-6.75574e-09 0.0171084 1.08524e-08
-6.98015e-09 0.0171084 1.09998e-08
-6.66527e-09 0.0171085 1.09917e-08
-6.42043e-09 0.0171085 1.10205e-08
-6.72896e-09 0.0171084 1.08359e-08
-6.79469e-09 0.0171084 1.09069e-08
-6.77288e-09 0.0171085 1.10824e-08
-6.56277e-09 0.0171084 1.0873e-08
-6.48971e-09 0.0171085 1.11098e-08
-6.72083e-09 0.0171085 1.11919e-08
-6.5332e-09 0.0171084 1.10433e-08
-7.02568e-09 0.0183439 1.11647e-08
-7.00935e-09 0.0183439 1.10989e-08
-6.83398e-09 0.0183439 1.09429e-08
-6.91946e-09 0.0183439 1.11959e-08
-7.14474e-09 0.0183439 1.13395e-08
-6.94538e-09 0.0183439 1.11715e-08
-6.87738e-09 0.0183439 1.129e-08
-6.78123e-09 0.0183439 1.1335e-08
-6.95847e-09 0.0183439 1.12778e-08
-6.99218e-09 0.0183439 1.11217e-08
-7.01756e-09 0.0183439 1.13384e-08
-6.79723e-09 0.0183439 1.13287e-08
-6.78656e-09 0.0183439 1.1154e-08
-6.94577e-09 0.0183439 1.11583e-08
-6.84927e-09 0.0183439 1.10975e-08
-6.63719e-09 0.0183439 1.14312e-08
-6.95714e-09 0.0183439 1.13618e-08
-6.77226e-09 0.0183439 1.13786e-08
-6.81319e-09 0.0183439 1.13121e-08
-6.84275e-09 0.0183439 1.13338e-08
-6.5032e-09 0.0183439 1.10652e-08
-7.08389e-09 0.0183439 1.14673e-08
-6.81262e-09 0.0183439 1.13454e-08
-6.95776e-09 0.0183439 1.10945e-08
-6.69946e-09 0.0183439 1.15481e-08
-7.73022e-09 0.0195818 1.16701e-08
-6.85493e-09 0.0195818 1.14402e-08
-7.12391e-09 0.0195818 1.15652e-08
-7.1475e-09 0.0195818 1.13869e-08
-7.01188e-09 0.0195818 1.14767e-08
-7.26335e-09 0.0195818 1.14662e-08
-7.00199e-09 0.0195818 1.16523e-08
-6.98084e-09 0.0195818 1.15085e-08
-7.05668e-09 0.0195818 1.14497e-08
-7.06071e-09 0.0195818 1.15127e-08
-6.87398e-09 0.0195818 1.17279e-08
-7.04896e-09 0.0195818 1.16396e-08
-7.01688e-09 0.0195818 1.16243e-08
-7.16415e-09 0.0195818 1.15479e-08
-7.00963e-09 0.0195818 1.16442e-08
-6.82126e-09 0.0195818 1.15807e-08
-7.16764e-09 0.0195818 1.15666e-08
-7.04624e-09 0.0195818 1.17145e-08
-7.10102e-09 0.0195818 1.17573e-08
-6.85036e-09 0.0195818 1.1564e-08
-6.9018e-09 0.0195818 1.16548e-08
-7.01383e-09 0.0195818 1.16572e-08
-7.31145e-09 0.0195818 1.15408e-08
-6.71313e-09 0.0195818 1.19482e-08
-6.99807e-09 0.0195818 1.16403e-08
-6.8709e-09 0.0208222 1.18275e-08
-7.2475e-09 0.0208222 1.22665e-08
-6.8991e-09 0.0208222 1.20734e-08
-7.40026e-09 0.0208222 1.18792e-08
-7.03142e-09 0.0208222 1.18618e-08
-7.01135e-09 0.0208222 1.21301e-08
-7.29661e-09 0.0208222 1.1939e-08
-7.11443e-09 0.0208222 1.2043e-08
-7.26168e-09 0.0208222 1.19139e-08
-7.08345e-09 0.0208222 1.20071e-08
-6.8557e-09 0.0208222 1.18965e-08
-7.13244e-09 0.0208222 1.19294e-08
-7.19074e-09 0.0208222 1.19726e-08
-7.22777e-09 0.0208222 1.21654e-08
-7.47574e-09 0.0208222 1.21645e-08
-6.99219e-09 0.0208222 1.18571e-08
-7.25355e-09 0.0208222 1.17357e-08
-7.19614e-09 0.0208222 1.21763e-08
-7.19317e-09 0.0208222 1.20439e-08
-7.47697e-09 0.0208222 1.22958e-08
-7.07143e-09 0.0208222 1.18273e-08
-7.35741e-09 0.0208222 1.1955e-08
-6.965e-09 0.0208222 1.19085e-08
-7.15782e-09 0.0208222 1.21411e-08
-7.89321e-09 0.0208222 1.19115e-08
-7.38329e-09 0.0220654 1.23602e-08
-7.38281e-09 0.0220654 1.23118e-08
-7.33771e-09 0.0220654 1.23578e-08
-7.34373e-09 0.0220654 1.22745e-08
-7.06293e-09 0.0220654 1.2144e-08
-7.559e-09 0.0220654 1.21325e-08
-7.36728e-09 0.0220654 1.21836e-08
-7.20663e-09 0.0220654 1.23941e-08
-7.40262e-09 0.0220654 1.2519e-08
-6.73663e-09 0.0220654 1.22363e-08
-7.31151e-09 0.0220654 1.22482e-08
-7.38716e-09 0.0220654 1.21146e-08
-7.23735e-09 0.0220654 1.22424e-08
-7.17745e-09 0.0220654 1.23968e-08
-7.4326e-09 0.0220654 1.25294e-08
-7.38051e-09 0.0220654 1.22464e-08
-7.33206e-09 0.0220654 1.21292e-08
-7.26851e-09 0.0220654 1.2224e-08
-7.25134e-09 0.0220654 1.25664e-08
-7.57186e-09 0.0220654 1.26084e-08
-6.97266e-09 0.0220654 1.2385e-08
-7.3385e-09 0.0220654 1.25086e-08
-7.30419e-09 0.0220654 1.24223e-08
-7.58929e-09 0.0220653 1.25324e-08
-7.5776e-09 0.0220654 1.27192e-08
-7.92078e-09 0.0233112 1.2169e-08
-7.42523e-09 0.0233112 1.23208e-08
-7.36757e-09 0.0233112 1.23753e-08
-7.24372e-09 0.0233112 1.24191e-08
-6.85514e-09 0.0233112 1.24922e-08
-7.72851e-09 0.0233112 1.24239e-08
-7.43336e-09 0.0233112 1.24418e-08
-7.08674e-09 0.0233112 1.2599e-08
-7.26545e-09 0.0233112 1.26697e-08
-7.17005e-09 0.0233112 1.25137e-08
-7.69434e-09 0.0233112 1.25753e-08
-7.3144e-09 0.0233112 1.24654e-08
-7.22709e-09 0.0233112 1.26272e-08
-7.26931e-09 0.0233112 1.2657e-08
-7.06852e-09 0.0233112 1.26778e-08
-7.12169e-09 0.0233112 1.27477e-08
-7.43674e-09 0.0233112 1.27291e-08
-7.12612e-09 0.0233112 1.27773e-08
-7.30072e-09 0.0233112 1.27705e-08
-6.99251e-09 0.0233112 1.27974e-08
-7.77747e-09 0.0233112 1.29333e-08
-7.4864e-09 0.0233112 1.25207e-08
-7.24017e-09 0.0233111 1.2694e-08
-7.09185e-09 0.0233112 1.27929e-08
-7.3795e-09 0.0233112 1.29456e-08
-7.66587e-09 0.0245597 1.30887e-08
-7.36792e-09 0.0245597 1.29132e-08
-7.03555e-09 0.0245597 1.31087e-08
-7.3152e-09 0.0245597 1.30808e-08
-6.98756e-09 0.0245597 1.29894e-08
-8.03783e-09 0.0245597 1.3089e-08
-7.2993e-09 0.0245597 1.29706e-08
-7.15685e-09 0.0245597 1.30014e-08
-7.23448e-09 0.0245597 1.29601e-08
-6.89773e-09 0.0245597 1.28464e-08
-7.59565e-09 0.0245597 1.29425e-08
-7.45124e-09 0.0245597 1.31691e-08
-7.02968e-09 0.0245597 1.3168e-08
-7.23029e-09 0.0245597 1.29756e-08
-7.07074e-09 0.0245597 1.27222e-08
-7.25713e-09 0.0245597 1.31821e-08
-7.3696e-09 0.0245597 1.29616e-08
-7.42721e-09 0.0245597 1.33917e-08
-7.22486e-09 0.0245597 1.31165e-08
-7.18259e-09 0.0245597 1.29871e-08
-6.90032e-09 0.0245597 1.28635e-08
-7.45382e-09 0.0245597 1.32205e-08
-7.2502e-09 0.0245597 1.31772e-08
-7.24946e-09 0.0245597 1.32749e-08
-6.88231e-09 0.0245597 1.29557e-08
-7.52205e-09 0.0258109 1.39137e-08
-7.38391e-09 0.0258109 1.33229e-08
-6.79661e-09 0.0258109 1.35773e-08
-7.16746e-09 0.0258109 1.3346e-08
-6.9584e-09 0.0258109 1.35662e-08
-7.99087e-09 0.0258109 1.36671e-08
-7.33092e-09 0.0258109 1.35104e-08
-7.04658e-09 0.0258109 1.33478e-08
-7.22348e-09 0.0258109 1.34021e-08
-6.73522e-09 0.0258109 1.35817e-08
-7.73496e-09 0.0258109 1.37057e-08
-7.40042e-09 0.0258109 1.34581e-08
-7.23734e-09 0.0258109 1.36037e-08
-7.0659e-09 0.0258109 1.35001e-08
-6.72239e-09 0.0258109 1.3394e-08
-7.36229e-09 0.0258109 1.35447e-08
-7.34388e-09 0.0258109 1.38046e-08
-7.16398e-09 0.0258109 1.35788e-08
-7.36633e-09 0.0258109 1.34814e-08
-6.84134e-09 0.0258109 1.34372e-08
-7.10302e-09 0.0258109 1.35142e-08
-6.99789e-09 0.0258109 1.34651e-08
-7.09338e-09 0.0258109 1.38596e-08
-7.20228e-09 0.0258109 1.36702e-08
-7.71805e-09 0.0258109 1.37211e-08
-7.87939e-09 0.0270648 1.33498e-08
-7.18148e-09 0.0270648 1.39223e-08
-7.0711e-09 0.0270648 1.30009e-08
-7.07456e-09 0.0270648 1.38539e-08
-7.37703e-09 0.0270648 1.3929e-08
-7.93745e-09 0.0270648 1.40089e-08
-7.3179e-09 0.0270648 1.37109e-08
-7.02379e-09 0.0270648 1.37088e-08
-7.04398e-09 0.0270648 1.38242e-08
-6.72973e-09 0.0270648 1.39612e-08
-7.99172e-09 0.0270648 1.39322e-08
-7.43414e-09 0.0270648 1.4214e-08
-7.17954e-09 0.0270648 1.41261e-08
-7.03454e-09 0.0270648 1.397e-08
-6.46601e-09 0.0270648 1.39711e-08
-7.24314e-09 0.0270648 1.38437e-08
-7.19099e-09 0.0270648 1.40171e-08
-7.2129e-09 0.0270648 1.42033e-08
-7.26046e-09 0.0270648 1.39892e-08
-6.75229e-09 0.0270648 1.40252e-08
-6.95864e-09 0.0270648 1.39045e-08
-6.90639e-09 0.0270648 1.36984e-08
-7.179e-09 0.0270648 1.40179e-08
-6.98766e-09 0.0270648 1.39491e-08
-7.15648e-09 0.0270648 1.40146e-08
-7.76599e-09 0.0283214 1.45579e-08
-7.58476e-09 0.0283214 1.382e-08
-7.03825e-09 0.0283214 1.42063e-08
-6.94709e-09 0.0283214 1.40836e-08
-6.36948e-09 0.0283214 1.41411e-08
-7.71795e-09 0.0283214 1.43514e-08
-7.59453e-09 0.0283214 1.45581e-08
-7.08373e-09 0.0283214 1.42495e-08
-7.09218e-09 0.0283214 1.42882e-08
-6.95672e-09 0.0283214 1.43997e-08
-7.63336e-09 0.0283214 1.43971e-08
-7.2448e-09 0.0283214 1.44678e-08
-7.1055e-09 0.0283214 1.47126e-08
-7.28193e-09 0.0283214 1.43794e-08
-6.3775e-09 0.0283214 1.42596e-08
-7.32994e-09 0.0283214 1.41645e-08
-7.25808e-09 0.0283214 1.42323e-08
-7.15455e-09 0.0283214 1.44081e-08
-7.25606e-09 0.0283214 1.42769e-08
-6.94662e-09 0.0283214 1.45462e-08
-7.20012e-09 0.0283214 1.38797e-08
-7.09091e-09 0.0283214 1.3933e-08
-6.76869e-09 0.0283214 1.42496e-08
-7.2531e-09 0.0283214 1.44894e-08
-7.19058e-09 0.0283214 1.42498e-08
-7.74051e-09 0.0295808 1.43569e-08
-7.60152e-09 0.0295808 1.51749e-08
-7.01238e-09 0.0295808 1.46281e-08
-6.65031e-09 0.0295808 1.47053e-08
-7.1862e-09 0.0295808 1.43369e-08
-7.8034e-09 0.0295808 1.46424e-08
-7.3315e-09 0.0295808 1.44896e-08
-7.06661e-09 0.0295808 1.45809e-08
-7.10145e-09 0.0295808 1.43475e-08
-7.06847e-09 0.0295808 1.43392e-08
-7.48659e-09 0.0295808 1.4452e-08
-7.39275e-09 0.0295808 1.42273e-08
-7.39773e-09 0.0295808 1.44005e-08
-7.2326e-09 0.0295808 1.43995e-08
-7.0172e-09 0.0295807 1.43229e-08
-7.51802e-09 0.0295808 1.43644e-08
-7.21047e-09 0.0295808 1.44524e-08
-7.21851e-09 0.0295808 1.42342e-08
-7.20103e-09 0.0295807 1.4494e-08
-7.10559e-09 0.0295807 1.42544e-08
-7.20142e-09 0.0295808 1.45242e-08
-7.4683e-09 0.0295808 1.46927e-08
-7.24093e-09 0.0295808 1.4711e-08
-6.96829e-09 0.0295808 1.40763e-08
-7.8318e-09 0.0295807 1.4487e-08
-7.55966e-09 0.0308427 1.45326e-08
-7.1721e-09 0.0308427 1.44313e-08
-7.4571e-09 0.0308427 1.44905e-08
-7.25044e-09 0.0308427 1.37711e-08
-6.04997e-09 0.0308427 1.42453e-08
-7.56486e-09 0.0308427 1.44857e-08
-7.51014e-09 0.0308427 1.44041e-08
-7.0478e-09 0.0308427 1.43099e-08
-7.09236e-09 0.0308427 1.4454e-08
-6.79966e-09 0.0308427 1.40434e-08
-7.85997e-09 0.0308427 1.43203e-08
-7.43061e-09 0.0308427 1.42092e-08
-7.27702e-09 0.0308427 1.4276e-08
-6.93369e-09 0.0308427 1.44259e-08
-6.79204e-09 0.0308427 1.42604e-08
-7.40611e-09 0.0308427 1.43387e-08
-7.51912e-09 0.0308427 1.43033e-08
-7.30649e-09 0.0308427 1.45887e-08
-7.43957e-09 0.0308427 1.4398e-08
-6.48442e-09 0.0308427 1.43493e-08
-7.64036e-09 0.0308427 1.40826e-08
-7.19134e-09 0.0308427 1.44581e-08
-7.16278e-09 0.0308427 1.45033e-08
-7.31684e-09 0.0308426 1.41718e-08
-7.03062e-09 0.0308427 1.43252e-08
-7.04492e-09 0.032107 1.42778e-08
-7.98548e-09 0.032107 1.40192e-08
-7.35873e-09 0.032107 1.43097e-08
-7.02648e-09 0.032107 1.38389e-08
-7.01812e-09 0.032107 1.36966e-08
-7.49103e-09 0.032107 1.42607e-08
-7.62201e-09 0.032107 1.39714e-08
-7.23926e-09 0.032107 1.41291e-08
-7.26955e-09 0.032107 1.40518e-08
-6.72133e-09 0.032107 1.35498e-08
-7.68441e-09 0.032107 1.4097e-08
-7.37934e-09 0.032107 1.41739e-08
-7.41263e-09 0.032107 1.43405e-08
-7.3187e-09 0.032107 1.38416e-08
-6.32991e-09 0.032107 1.40288e-08
-7.93339e-09 0.032107 1.4544e-08
-7.4628e-09 0.032107 1.43752e-08
-7.12714e-09 0.032107 1.41769e-08
-7.41629e-09 0.032107 1.45443e-08
-7.04017e-09 0.032107 1.41328e-08
-7.75611e-09 0.032107 1.43914e-08
-7.5212e-09 0.032107 1.45891e-08
-6.82597e-09 0.032107 1.4506e-08
-7.4654e-09 0.032107 1.44762e-08
-8.01381e-09 0.032107 1.46642e-08
-8.50046e-09 0.0333738 1.38845e-08
-7.60729e-09 0.0333738 1.45172e-08
-7.33208e-09 0.0333738 1.37042e-08
-7.00859e-09 0.0333738 1.34619e-08
-6.50142e-09 0.0333738 1.31536e-08
-7.87578e-09 0.0333738 1.40503e-08
-7.72464e-09 0.0333738 1.39641e-08
-7.24041e-09 0.0333738 1.41614e-08
-7.33271e-09 0.0333738 1.34833e-08
-6.57163e-09 0.0333738 1.34743e-08
-7.85006e-09 0.0333738 1.39814e-08
-7.43377e-09 0.0333738 1.41067e-08
-7.40651e-09 0.0333738 1.37238e-08
-7.36531e-09 0.0333738 1.39447e-08
-6.52273e-09 0.0333738 1.35809e-08
-7.78789e-09 0.0333738 1.43096e-08
-7.29744e-09 0.0333738 1.40673e-08
-7.36927e-09 0.0333738 1.4269e-08
-7.27378e-09 0.0333738 1.37266e-08
-6.92791e-09 0.0333738 1.36969e-08
-7.60806e-09 0.0333738 1.45763e-08
-7.18796e-09 0.0333738 1.47759e-08
-7.24101e-09 0.0333738 1.39677e-08
-7.06938e-09 0.0333738 1.37325e-08
-7.8398e-09 0.0333738 1.37799e-08
-8.17004e-09 0.0346431 1.37741e-08
-7.819e-09 0.0346431 1.43288e-08
-7.1562e-09 0.0346431 1.41884e-08
-7.0645e-09 0.0346431 1.31925e-08
-6.88548e-09 0.0346431 1.35743e-08
-8.78805e-09 0.0346431 1.3676e-08
-7.47217e-09 0.0346431 1.40843e-08
-7.08967e-09 0.0346431 1.36064e-08
-7.13521e-09 0.0346431 1.34644e-08
-6.6911e-09 0.0346431 1.35481e-08
-7.48087e-09 0.0346431 1.39597e-08
-7.49673e-09 0.0346431 1.39634e-08
-7.20112e-09 0.0346431 1.34661e-08
-7.18339e-09 0.0346431 1.33394e-08
-7.03692e-09 0.0346431 1.35877e-08
-7.69643e-09 0.0346431 1.37109e-08
-7.07289e-09 0.0346431 1.38974e-08
-7.39602e-09 0.0346431 1.36932e-08
-7.25452e-09 0.0346431 1.36695e-08
-7.15221e-09 0.0346431 1.31933e-08
-7.13113e-09 0.0346431 1.44007e-08
-7.32102e-09 0.0346431 1.41657e-08
-6.78151e-09 0.0346431 1.38072e-08
-7.2863e-09 0.0346431 1.35637e-08
-6.67735e-09 0.0346431 1.35704e-08
-8.12605e-09 0.0359148 1.35811e-08
-7.30443e-09 0.0359147 1.28956e-08
-6.87883e-09 0.0359148 1.3046e-08
-6.62799e-09 0.0359147 1.36239e-08
-6.3834e-09 0.0359148 1.34465e-08
-7.50653e-09 0.0359147 1.29466e-08
-7.35415e-09 0.0359147 1.30957e-08
-6.90337e-09 0.0359147 1.32202e-08
-6.87958e-09 0.0359147 1.31837e-08
-6.92952e-09 0.0359147 1.31629e-08
-7.05337e-09 0.0359147 1.33716e-08
-7.19792e-09 0.0359147 1.28736e-08
-6.98397e-09 0.0359147 1.30827e-08
-6.86782e-09 0.0359147 1.31393e-08
-6.75448e-09 0.0359147 1.29899e-08
-6.90966e-09 0.0359148 1.29827e-08
-6.94141e-09 0.0359147 1.2937e-08
-7.09449e-09 0.0359147 1.27519e-08
-7.06984e-09 0.0359147 1.30276e-08
-7.00887e-09 0.0359147 1.32418e-08
-6.7229e-09 0.0359147 1.30479e-08
-6.74019e-09 0.0359147 1.25482e-08
-7.40235e-09 0.0359147 1.28877e-08
-7.103e-09 0.0359147 1.25349e-08
-7.21413e-09 0.0359147 1.30545e-08
-7.60093e-09 0.0371881 1.22762e-08
-7.1254e-09 0.0371881 1.22776e-08
-6.20153e-09 0.0371881 1.24414e-08
-6.29493e-09 0.0371881 1.22671e-08
-6.13418e-09 0.0371881 1.21282e-08
-7.12424e-09 0.0371881 1.23163e-08
-6.8245e-09 0.0371881 1.21891e-08
-6.48915e-09 0.0371881 1.22933e-08
-6.50024e-09 0.0371881 1.21424e-08
-6.28296e-09 0.0371881 1.23515e-08
-6.72931e-09 0.0371881 1.20591e-08
-6.56561e-09 0.0371881 1.22351e-08
-6.53629e-09 0.0371881 1.21562e-08
-6.70201e-09 0.0371881 1.23796e-08
-6.29587e-09 0.0371881 1.21903e-08
-6.60741e-09 0.0371881 1.20295e-08
-6.6192e-09 0.0371881 1.1984e-08
-6.69799e-09 0.0371881 1.19437e-08
-6.47793e-09 0.0371881 1.24834e-08
-6.94146e-09 0.0371881 1.26034e-08
-6.19282e-09 0.0371881 1.19176e-08
-7.31141e-09 0.0371881 1.19755e-08
-6.60203e-09 0.0371881 1.17195e-08
-6.73632e-09 0.0371881 1.18277e-08
-5.52622e-09 0.0371881 1.24475e-08
-6.26459e-09 0.0384628 1.12149e-08
-6.33287e-09 0.0384628 1.13723e-08
-6.10672e-09 0.0384628 1.12549e-08
-6.08243e-09 0.0384628 1.1188e-08
-5.30535e-09 0.0384628 1.11447e-08
-6.61315e-09 0.0384628 1.13976e-08
-6.26302e-09 0.0384628 1.13205e-08
-5.90198e-09 0.0384628 1.15112e-08
-5.91191e-09 0.0384628 1.14466e-08
-5.40476e-09 0.0384628 1.12449e-08
-6.52314e-09 0.0384628 1.10879e-08
-6.23564e-09 0.0384628 1.13018e-08
-5.80034e-09 0.0384628 1.12655e-08
-5.7245e-09 0.0384628 1.17101e-08
-6.54498e-09 0.0384628 1.18701e-08
-6.37149e-09 0.0384628 1.12168e-08
-6.40173e-09 0.0384628 1.13105e-08
-5.99144e-09 0.0384628 1.15268e-08
-5.99085e-09 0.0384628 1.17797e-08
-5.69669e-09 0.0384628 1.17253e-08
-6.94792e-09 0.0384628 1.18218e-08
-6.1347e-09 0.0384628 1.17868e-08
-6.09221e-09 0.0384628 1.16203e-08
-5.99457e-09 0.0384628 1.21181e-08
-5.28255e-09 0.0384628 1.1679e-08
-6.75982e-09 0.03974 9.86839e-09
-4.9012e-09 0.03974 1.00696e-08
-5.36375e-09 0.03974 1.00712e-08
-5.00319e-09 0.03974 9.94229e-09
-4.75754e-09 0.03974 1.01493e-08
-5.77259e-09 0.03974 1.02919e-08
-5.48068e-09 0.03974 1.01487e-08
-5.15498e-09 0.03974 1.04695e-08
-5.51304e-09 0.03974 1.0411e-08
-4.71137e-09 0.03974 1.01236e-08
-6.22552e-09 0.03974 1.06888e-08
-5.31737e-09 0.03974 1.08771e-08
-5.2108e-09 0.03974 1.10012e-08
-5.2622e-09 0.03974 1.08667e-08
-5.9266e-09 0.03974 1.06607e-08
-6.14216e-09 0.03974 1.09263e-08
-5.61244e-09 0.03974 1.11071e-08
-5.12313e-09 0.03974 1.13254e-08
-5.36926e-09 0.03974 1.13235e-08
-5.78026e-09 0.03974 1.12815e-08
-5.84582e-09 0.03974 1.11225e-08
-5.53158e-09 0.03974 1.1205e-08
-5.0452e-09 0.03974 1.18099e-08
-5.46161e-09 0.03974 1.14863e-08
-5.43829e-09 0.03974 1.18991e-08
-4.64023e-09 0.0410213 8.89015e-09
-4.69161e-09 0.0410213 8.93548e-09
-4.01041e-09 0.0410213 8.05443e-09
-4.5213e-09 0.0410213 8.46216e-09
-3.50516e-09 0.0410213 8.12418e-09
-4.83254e-09 0.0410213 9.01116e-09
-4.47506e-09 0.0410213 9.07701e-09
-4.11535e-09 0.0410213 8.73503e-09
-4.69758e-09 0.0410213 9.06147e-09
-4.46514e-09 0.0410213 8.485e-09
-4.36128e-09 0.0410213 9.8808e-09
-4.4148e-09 0.0410213 1.00225e-08
-4.40328e-09 0.0410213 1.00692e-08
-5.19053e-09 0.0410213 1.01784e-08
-4.62903e-09 0.0410213 9.94359e-09
-3.53327e-09 0.0410213 1.04933e-08
-4.52366e-09 0.0410213 1.05667e-08
-4.73295e-09 0.0410213 1.0572e-08
-4.93962e-09 0.0410213 1.1108e-08
-5.44387e-09 0.0410213 1.05636e-08
-4.08864e-09 0.0410213 1.08818e-08
-4.47324e-09 0.0410213 1.0745e-08
-4.84274e-09 0.0410213 1.1379e-08
-4.67176e-09 0.0410213 1.09315e-08
-5.41675e-09 0.0410214 1.1935e-08
-3.67532e-09 0.042301 7.5661e-09
-4.31964e-09 0.0423011 5.26323e-09
-3.67029e-09 0.0423011 6.2406e-09
-2.97932e-09 0.0423011 6.18164e-09
-8.23697e-10 0.0423011 7.30321e-09
-4.79819e-09 0.0423011 6.98976e-09
-4.22891e-09 0.0423011 6.7573e-09
-3.41636e-09 0.0423011 6.67355e-09
-3.15499e-09 0.0423011 7.21645e-09
-3.13143e-09 0.0423011 7.99738e-09
-3.23283e-09 0.0423011 8.30813e-09
-4.23285e-09 0.0423011 7.11614e-09
-3.44032e-09 0.0423011 8.25049e-09
-3.6678e-09 0.0423011 8.77716e-09
-4.74935e-09 0.0423011 9.18673e-09
-3.21111e-09 0.0423011 9.07865e-09
-3.56022e-09 0.0423011 9.28857e-09
-3.62309e-09 0.0423011 9.78014e-09
-4.34154e-09 0.0423011 9.58887e-09
-5.91617e-09 0.0423011 9.73583e-09
-2.6595e-09 0.0423011 9.08105e-09
-4.02921e-09 0.0423011 1.08809e-08
-4.4158e-09 0.0423011 8.54169e-09
-4.66687e-09 0.0423011 1.00586e-08
-4.16604e-09 0.0423011 9.85207e-09
-7.35997e-09 0.0435736 5.32907e-10
-4.64641e-09 0.0435737 5.77128e-09
-3.31762e-09 0.0435737 4.26292e-09
-4.33296e-10 0.0435737 6.1097e-09
-1.77351e-11 0.0435736 6.73208e-09
-6.40432e-09 0.0435736 3.49768e-09
-4.91113e-09 0.0435736 3.71585e-09
-3.03484e-09 0.0435737 4.72863e-09
-9.89345e-10 0.0435737 5.44426e-09
9.42933e-10 0.0435736 7.25374e-09
-4.91866e-09 0.0435736 4.28339e-09
-3.41021e-09 0.0435736 4.81299e-09
-2.1911e-09 0.0435736 6.74182e-09
-1.9652e-09 0.0435736 7.2112e-09
-1.90725e-09 0.0435736 6.60566e-09
-1.96741e-09 0.0435737 6.06892e-09
-3.04679e-09 0.0435736 6.8799e-09
-3.15234e-09 0.0435737 7.02592e-09
-3.38508e-09 0.0435736 9.95251e-09
-5.07464e-09 0.0435737 8.12996e-09
-1.70502e-10 0.0435736 1.0219e-08
-2.98528e-09 0.0435737 5.26649e-09
-3.6969e-09 0.0435736 1.14404e-08
-4.02977e-09 0.0435736 7.95178e-09
-5.17815e-09 0.0435737 9.03219e-09
-1.64432e-08 0.0448662 -1.97024e-09
-2.6768e-09 0.0448661 9.31323e-10
-8.16657e-10 0.0448661 1.00969e-09
9.83277e-10 0.0448662 8.5613e-09
5.32282e-10 0.0448661 6.67342e-09
-1.00596e-08 0.0448661 5.67866e-10
-5.87269e-09 0.0448661 2.60184e-09
-1.06289e-09 0.0448661 3.42675e-09
9.18529e-10 0.0448661 6.61367e-09
9.2432e-10 0.0448661 4.71931e-09
-8.15089e-09 0.0448661 3.30613e-09
-2.34769e-09 0.0448661 5.05622e-09
-1.37043e-10 0.0448661 1.99236e-09
-5.84407e-10 0.0448661 1.87939e-09
-6.90221e-10 0.0448661 4.29281e-09
-1.82999e-09 0.044866 3.36394e-09
-4.34824e-10 0.0448661 5.39853e-09
-3.85455e-10 0.0448661 7.0693e-09
-3.55163e-09 0.0448661 7.19825e-09
-4.53565e-09 0.0448661 5.35873e-09
-2.45018e-09 0.0448661 3.73234e-09
-5.7769e-09 0.044866 9.28299e-09
9.75227e-10 0.0448661 9.92077e-09
-1.27369e-09 0.0448662 5.66843e-09
-8.62207e-09 0.0448661 7.56484e-09
-2.10184e-08 0.0461686 3.75258e-09
-1.51272e-09 0.0461687 3.86092e-09
5.24744e-09 0.0461686 2.2244e-09
-1.44871e-09 0.0461686 4.53906e-09
-1.75299e-09 0.0461687 6.20742e-09
-1.07665e-08 0.0461686 2.78601e-09
-4.53952e-09 0.0461686 2.28374e-09
-2.23395e-10 0.0461686 5.91706e-09
2.05193e-09 0.0461686 6.0879e-09
6.52108e-09 0.0461686 9.08514e-09
-6.5082e-09 0.0461686 1.90391e-09
-1.41179e-09 0.0461686 1.8124e-09
-3.06557e-10 0.0461685 3.68004e-09
2.50907e-09 0.0461686 6.3838e-09
3.27111e-09 0.0461686 2.52862e-09
-6.11942e-09 0.0461685 4.65718e-09
2.2486e-09 0.0461685 4.94151e-09
-1.22446e-09 0.0461685 6.29469e-09
-1.49458e-09 0.0461686 2.8146e-09
6.5711e-10 0.0461686 3.53759e-09
7.62219e-09 0.0461684 7.9433e-09
4.02224e-09 0.0461686 7.23298e-09
-5.32057e-09 0.0461686 7.73571e-09
-4.21846e-09 0.0461686 2.19836e-09
-5.43434e-09 0.0461686 3.78589e-09
-1.16495e-08 0.0473848 7.31688e-09
-3.44198e-09 0.0473847 8.48343e-09
-2.82625e-09 0.0473847 3.29592e-09
3.85216e-09 0.0473848 7.02443e-11
5.30031e-09 0.0473846 8.34189e-09
-1.11666e-08 0.0473847 4.15719e-09
1.41571e-09 0.0473848 3.40901e-09
5.07328e-11 0.0473847 3.53384e-09
6.238e-10 0.0473847 6.26954e-09
-1.36998e-09 0.0473848 7.02948e-09
-5.10727e-09 0.0473846 7.48514e-09
-1.76476e-09 0.0473847 4.4904e-09
2.77396e-10 0.0473848 5.02348e-09
-2.11367e-09 0.0473847 5.79519e-09
5.62341e-09 0.0473848 4.58637e-09
4.10273e-09 0.0473847 6.00085e-09
-6.87692e-10 0.0473847 5.48732e-09
3.431e-10 0.0473847 3.90559e-09
-1.42268e-09 0.0473847 2.59635e-09
-3.01679e-09 0.0473847 2.79192e-09
-4.5884e-10 0.0473848 6.0104e-09
-4.00178e-11 0.0473847 3.44869e-10
-3.6955e-09 0.0473847 2.14726e-09
-6.01389e-10 0.0473847 4.72596e-09
-3.00042e-09 0.0473847 2.51623e-09
2.68665e-09 0.0487558 4.36239e-09
-3.31761e-09 0.0487559 2.70632e-09
-4.92378e-10 0.0487559 1.44439e-09
3.04021e-09 0.0487558 3.53566e-09
-3.38696e-09 0.0487559 5.95833e-09
-4.64593e-09 0.0487559 5.55805e-09
-2.68153e-09 0.0487559 4.62927e-09
1.61208e-09 0.0487559 4.25484e-09
1.25496e-09 0.0487558 3.10433e-09
1.27485e-09 0.0487558 1.6787e-09
-4.72937e-10 0.0487558 5.11704e-09
-8.58336e-10 0.0487558 3.54906e-09
1.48361e-10 0.0487558 1.70517e-09
1.30285e-09 0.0487559 1.38431e-09
-5.04201e-10 0.0487559 4.80372e-09
2.38731e-09 0.0487559 1.6305e-09
-5.81849e-10 0.0487559 3.21506e-09
1.069e-09 0.0487558 1.20957e-09
-2.46428e-09 0.0487558 3.31931e-09
2.7444e-10 0.0487559 2.30943e-09
2.22622e-09 0.0487559 -1.40005e-09
4.9709e-09 0.0487558 -3.72813e-09
3.23325e-10 0.0487559 8.86075e-10
-6.30814e-09 0.0487559 3.51179e-09
-5.72982e-11 0.0487558 4.57396e-09
0 0.05 0
0 0.05 0
0 0.05 0
0 0.05 0
0 0.05 0
0 0.05 0
0 0.05 0
0 0.05 0
0 0.05 0
0 0.05 0
0 0.05 0
0 0.05 0
0 0.05 0
0 0.05 0
0 0.05 0
0 0.05 0
0 0.05 0
0 0.05 0
0 0.05 0
0 0.05 0
0 0.05 0
0 0.05 0
0 0.05 0
0 0.05 0
0 0.05 0
