0 0 0
0 0 0
0 0 0
0 0 0
0 0 0
0 0 0
0 0 0
0 0 0
0 0 0
0 0 0
0 0 0
0 0 0
0 0 0
0 0 0
0 0 0
0 0 0
0 0 0
0 0 0
0 0 0
0 0 0
0 0 0
0 0 0
0 0 0
0 0 0
0 0 0
2.1141e-10 0.000539967 -7.49791e-10
3.63932e-10 0.000539967 -7.17685e-10
4.41382e-10 0.000539967 -7.03139e-10
5.39419e-10 0.000539967 -6.75453e-10
6.47827e-10 0.000539967 -6.92925e-10
2.19818e-10 0.000539967 -7.19247e-10
3.63173e-10 0.000539967 -7.34561e-10
4.4772e-10 0.000539967 -7.17659e-10
5.15969e-10 0.000539967 -7.18913e-10
6.6895e-10 0.000539967 -7.09033e-10
2.02733e-10 0.000539967 -7.15822e-10
3.55417e-10 0.000539967 -7.19628e-10
4.42694e-10 0.000539967 -7.26699e-10
5.2719e-10 0.000539967 -7.29674e-10
6.76365e-10 0.000539967 -7.22051e-10
2.34152e-10 0.000539967 -7.18143e-10
3.40352e-10 0.000539967 -7.14826e-10
4.3167e-10 0.000539967 -7.26517e-10
5.09367e-10 0.000539967 -7.29882e-10
6.68954e-10 0.000539967 -7.34677e-10
2.44667e-10 0.000539967 -6.94291e-10
3.59156e-10 0.000539967 -7.16245e-10
4.27448e-10 0.000539967 -7.3843e-10
5.07593e-10 0.000539967 -7.37853e-10
6.51736e-10 0.000539967 -7.18208e-10
6.56752e-10 0.00109273 -1.39063e-09
7.12088e-10 0.00109273 -1.34854e-09
8.07156e-10 0.00109273 -1.3815e-09
9.12385e-10 0.00109273 -1.32795e-09
1.05609e-09 0.00109273 -1.34381e-09
5.58045e-10 0.00109273 -1.34451e-09
7.18286e-10 0.00109273 -1.36902e-09
8.19209e-10 0.00109273 -1.34567e-09
9.21554e-10 0.00109273 -1.34566e-09
1.0267e-09 0.00109273 -1.34197e-09
5.6662e-10 0.00109273 -1.36148e-09
6.89467e-10 0.00109273 -1.36527e-09
8.11567e-10 0.00109273 -1.35982e-09
9.27631e-10 0.00109273 -1.36724e-09
1.07247e-09 0.00109273 -1.36415e-09
5.1889e-10 0.00109273 -1.37553e-09
6.92338e-10 0.00109273 -1.37165e-09
8.05053e-10 0.00109273 -1.37394e-09
8.92555e-10 0.00109273 -1.36804e-09
1.04214e-09 0.00109273 -1.3827e-09
6.09593e-10 0.00109273 -1.38679e-09
6.94783e-10 0.00109273 -1.39563e-09
7.82938e-10 0.00109273 -1.37781e-09
8.91461e-10 0.00109273 -1.38826e-09
1.05556e-09 0.00109273 -1.3774e-09
9.94048e-10 0.00166949 -1.74699e-09
9.95413e-10 0.00166949 -1.75943e-09
1.0543e-09 0.00166949 -1.75775e-09
1.07589e-09 0.00166949 -1.81964e-09
1.19357e-09 0.00166949 -1.75672e-09
9.17005e-10 0.00166949 -1.75695e-09
9.79078e-10 0.00166949 -1.7885e-09
1.05287e-09 0.00166949 -1.78625e-09
1.12132e-09 0.00166949 -1.79784e-09
1.18819e-09 0.00166949 -1.80047e-09
8.5819e-10 0.00166949 -1.80926e-09
9.83431e-10 0.00166949 -1.79268e-09
1.06094e-09 0.00166949 -1.79988e-09
1.11084e-09 0.00166949 -1.82012e-09
1.23263e-09 0.00166949 -1.77315e-09
9.20456e-10 0.00166949 -1.82016e-09
9.60335e-10 0.00166949 -1.8123e-09
1.03167e-09 0.00166949 -1.82293e-09
1.10459e-09 0.00166949 -1.83456e-09
1.15594e-09 0.00166949 -1.79701e-09
9.50436e-10 0.00166949 -1.82152e-09
9.9491e-10 0.00166949 -1.8313e-09
1.03166e-09 0.00166949 -1.83518e-09
1.07065e-09 0.00166949 -1.8183e-09
1.15592e-09 0.00166949 -1.88473e-09
1.08023e-09 0.00227853 -1.92191e-09
1.03874e-09 0.00227853 -1.98455e-09
1.05413e-09 0.00227853 -1.91426e-09
1.07863e-09 0.00227853 -1.96781e-09
1.14444e-09 0.00227853 -1.93097e-09
1.1398e-09 0.00227853 -1.94e-09
1.08108e-09 0.00227853 -1.93165e-09
1.09021e-09 0.00227853 -1.91659e-09
1.07952e-09 0.00227853 -1.91555e-09
1.1138e-09 0.00227853 -1.95053e-09
1.0431e-09 0.00227853 -1.95679e-09
1.08344e-09 0.00227853 -1.95106e-09
1.09712e-09 0.00227853 -1.92575e-09
1.09656e-09 0.00227853 -1.95164e-09
1.14249e-09 0.00227853 -1.89402e-09
1.05802e-09 0.00227853 -1.93966e-09
1.07153e-09 0.00227853 -1.95207e-09
1.09137e-09 0.00227853 -1.96371e-09
1.10063e-09 0.00227853 -1.91528e-09
1.10685e-09 0.00227853 -1.93598e-09
1.14275e-09 0.00227853 -1.92951e-09
1.07491e-09 0.00227853 -1.96011e-09
1.10529e-09 0.00227853 -1.94789e-09
1.06217e-09 0.00227853 -1.95728e-09
1.11911e-09 0.00227853 -1.9687e-09
9.74675e-10 0.00292424 -1.77729e-09
9.2844e-10 0.00292424 -1.71718e-09
8.39578e-10 0.00292424 -1.68182e-09
8.66295e-10 0.00292425 -1.65547e-09
8.40672e-10 0.00292424 -1.73798e-09
1.03403e-09 0.00292424 -1.7363e-09
9.54515e-10 0.00292424 -1.72385e-09
8.7821e-10 0.00292425 -1.71903e-09
7.76826e-10 0.00292424 -1.67938e-09
7.51661e-10 0.00292424 -1.63248e-09
1.00608e-09 0.00292424 -1.70528e-09
9.47399e-10 0.00292424 -1.70025e-09
9.17791e-10 0.00292424 -1.67157e-09
8.30673e-10 0.00292424 -1.64151e-09
7.29694e-10 0.00292424 -1.65994e-09
9.80979e-10 0.00292424 -1.70022e-09
9.43271e-10 0.00292424 -1.68204e-09
9.12921e-10 0.00292424 -1.6211e-09
8.1356e-10 0.00292424 -1.63377e-09
7.50916e-10 0.00292424 -1.58498e-09
1.03419e-09 0.00292424 -1.62528e-09
9.49124e-10 0.00292424 -1.64576e-09
9.24993e-10 0.00292424 -1.62806e-09
8.32191e-10 0.00292424 -1.60227e-09
7.80804e-10 0.00292424 -1.60388e-09
7.13811e-10 0.00360682 -1.02069e-09
5.60567e-10 0.00360682 -1.10177e-09
4.67536e-10 0.00360682 -1.09296e-09
2.2969e-10 0.00360682 -1.00183e-09
2.70994e-10 0.00360682 -9.22308e-10
6.94502e-10 0.00360682 -1.03802e-09
5.7387e-10 0.00360682 -1.01111e-09
4.44484e-10 0.00360682 -1.0321e-09
2.47594e-10 0.00360682 -9.38606e-10
1.09442e-10 0.00360682 -9.7234e-10
6.99909e-10 0.00360682 -9.80513e-10
6.00785e-10 0.00360682 -9.75676e-10
4.17335e-10 0.00360682 -9.21535e-10
2.65932e-10 0.00360682 -9.44844e-10
-3.48646e-11 0.00360682 -9.05187e-10
7.33313e-10 0.00360682 -9.6597e-10
6.02194e-10 0.00360682 -9.04471e-10
4.44172e-10 0.00360682 -9.03007e-10
2.57217e-10 0.00360682 -8.83793e-10
6.63043e-11 0.00360682 -8.48992e-10
7.27879e-10 0.00360682 -9.9997e-10
6.53307e-10 0.00360682 -9.39528e-10
3.98852e-10 0.00360682 -9.22512e-10
2.04579e-10 0.00360682 -8.42656e-10
1.66883e-10 0.00360682 -8.60945e-10
1.92223e-10 0.00432259 2.02093e-10
-3.85478e-11 0.00432259 2.41005e-10
-2.8478e-10 0.00432259 1.99281e-10
-5.39439e-10 0.00432259 2.31704e-10
-8.97039e-10 0.00432259 2.68134e-10
2.2582e-10 0.00432259 2.37385e-10
-4.54472e-11 0.00432259 2.2645e-10
-2.96574e-10 0.00432259 2.66574e-10
-5.84055e-10 0.00432259 2.26438e-10
-9.28256e-10 0.00432259 2.93504e-10
3.57404e-10 0.00432259 2.99476e-10
-9.31699e-12 0.00432259 2.77563e-10
-3.32162e-10 0.00432259 3.27677e-10
-6.32116e-10 0.00432259 3.28285e-10
-8.76809e-10 0.00432259 2.9452e-10
2.80203e-10 0.00432259 3.46219e-10
1.32072e-12 0.00432259 3.06677e-10
-3.12969e-10 0.00432259 3.05615e-10
-5.9585e-10 0.00432259 3.2483e-10
-8.97097e-10 0.00432259 3.29049e-10
2.77995e-10 0.00432259 3.27889e-10
-3.13252e-11 0.00432259 3.62679e-10
-2.64855e-10 0.00432259 3.50887e-10
-5.70364e-10 0.00432259 3.47992e-10
-8.88141e-10 0.00432259 4.17534e-10
-4.41473e-10 0.00506507 1.99688e-09
-9.16886e-10 0.00506507 2.00863e-09
-1.26006e-09 0.00506507 2.03902e-09
-1.78985e-09 0.00506507 2.11231e-09
-2.07078e-09 0.00506507 2.02953e-09
-5.3243e-10 0.00506507 2.04605e-09
-8.51927e-10 0.00506507 2.05829e-09
-1.27618e-09 0.00506507 2.10379e-09
-1.75146e-09 0.00506507 2.12826e-09
-2.1115e-09 0.00506507 2.05866e-09
-4.52338e-10 0.00506507 2.06281e-09
-8.71104e-10 0.00506507 2.07373e-09
-1.23887e-09 0.00506507 2.04819e-09
-1.78885e-09 0.00506507 2.10194e-09
-2.16736e-09 0.00506507 2.11582e-09
-3.88419e-10 0.00506507 2.1566e-09
-8.50127e-10 0.00506507 2.18038e-09
-1.29502e-09 0.00506507 2.13212e-09
-1.74983e-09 0.00506507 2.09868e-09
-2.11139e-09 0.00506507 2.10786e-09
-3.29022e-10 0.00506507 2.15195e-09
-9.07116e-10 0.00506507 2.23433e-09
-1.306e-09 0.00506507 2.11726e-09
-1.70399e-09 0.00506507 2.14304e-09
-2.04122e-09 0.00506507 2.14804e-09
-1.36941e-09 0.00582663 4.26922e-09
-1.88121e-09 0.00582663 4.23937e-09
-2.44939e-09 0.00582663 4.3171e-09
-3.08328e-09 0.00582663 4.3273e-09
-3.64905e-09 0.00582663 4.28742e-09
-1.37993e-09 0.00582663 4.28553e-09
-1.94934e-09 0.00582663 4.311e-09
-2.48751e-09 0.00582663 4.31611e-09
-3.09319e-09 0.00582663 4.31576e-09
-3.66595e-09 0.00582663 4.332e-09
-1.27096e-09 0.00582663 4.36782e-09
-1.96006e-09 0.00582663 4.3897e-09
-2.47378e-09 0.00582663 4.32417e-09
-3.04164e-09 0.00582663 4.33884e-09
-3.59988e-09 0.00582663 4.45497e-09
-1.34579e-09 0.00582663 4.41997e-09
-1.8935e-09 0.00582663 4.45298e-09
-2.52087e-09 0.00582663 4.4077e-09
-3.02294e-09 0.00582663 4.47439e-09
-3.65021e-09 0.00582663 4.43674e-09
-1.13452e-09 0.00582663 4.45207e-09
-1.86681e-09 0.00582663 4.44521e-09
-2.46221e-09 0.00582663 4.44911e-09
-3.15368e-09 0.00582663 4.50362e-09
-3.60093e-09 0.00582663 4.4897e-09
-2.641e-09 0.00660054 7.31179e-09
-3.23255e-09 0.00660054 7.15449e-09
-3.81255e-09 0.00660054 7.07844e-09
-4.53029e-09 0.00660054 7.06226e-09
-5.08938e-09 0.00660054 7.27544e-09
-2.68697e-09 0.00660054 7.19195e-09
-3.18676e-09 0.00660054 7.16815e-09
-3.83614e-09 0.00660054 7.16129e-09
-4.59036e-09 0.00660054 7.13946e-09
-5.10635e-09 0.00660054 7.11697e-09
-2.62366e-09 0.00660054 7.21521e-09
-3.2046e-09 0.00660054 7.21091e-09
-3.90558e-09 0.00660054 7.20575e-09
-4.52976e-09 0.00660054 7.24881e-09
-5.2611e-09 0.00660054 7.22055e-09
-2.37756e-09 0.00660054 7.28158e-09
-3.21124e-09 0.00660054 7.21592e-09
-3.83901e-09 0.00660054 7.26201e-09
-4.56358e-09 0.00660054 7.24565e-09
-5.24334e-09 0.00660054 7.3495e-09
-2.468e-09 0.00660054 7.37957e-09
-3.15165e-09 0.00660054 7.25723e-09
-3.77218e-09 0.00660054 7.2236e-09
-4.65141e-09 0.00660054 7.22419e-09
-5.07463e-09 0.00660054 7.32729e-09
-3.78635e-09 0.007383 1.07513e-08
-4.67897e-09 0.007383 1.06519e-08
-5.37654e-09 0.007383 1.06639e-08
-6.12309e-09 0.007383 1.06615e-08
-6.81068e-09 0.007383 1.07536e-08
-3.97445e-09 0.007383 1.07016e-08
-4.66026e-09 0.007383 1.06466e-08
-5.37411e-09 0.007383 1.05468e-08
-6.11522e-09 0.007383 1.06276e-08
-6.65554e-09 0.007383 1.06529e-08
-3.9514e-09 0.007383 1.06738e-08
-4.62535e-09 0.007383 1.06465e-08
-5.39792e-09 0.007383 1.06317e-08
-6.17538e-09 0.007383 1.06489e-08
-6.89959e-09 0.007383 1.066e-08
-3.89995e-09 0.007383 1.06881e-08
-4.64595e-09 0.007383 1.06638e-08
-5.39401e-09 0.007383 1.06791e-08
-6.11379e-09 0.007383 1.07042e-08
-7.01634e-09 0.007383 1.07036e-08
-3.81482e-09 0.007383 1.06968e-08
-4.64926e-09 0.007383 1.07199e-08
-5.36894e-09 0.007383 1.07027e-08
-6.01637e-09 0.007383 1.06758e-08
-6.95731e-09 0.007383 1.08034e-08
-5.24201e-09 0.00817482 1.44395e-08
-6.13483e-09 0.00817482 1.46033e-08
-7.03492e-09 0.00817482 1.46804e-08
-7.68376e-09 0.00817482 1.4516e-08
-8.50854e-09 0.00817481 1.45257e-08
-5.26191e-09 0.00817481 1.46244e-08
-6.1939e-09 0.00817482 1.45674e-08
-6.95797e-09 0.00817482 1.45479e-08
-7.74049e-09 0.00817481 1.45803e-08
-8.5435e-09 0.00817481 1.45555e-08
-5.26795e-09 0.00817481 1.45503e-08
-6.17674e-09 0.00817481 1.45235e-08
-6.89452e-09 0.00817481 1.44923e-08
-7.74903e-09 0.00817481 1.45726e-08
-8.62194e-09 0.00817481 1.45879e-08
-5.23129e-09 0.00817481 1.45002e-08
-6.16204e-09 0.00817481 1.45433e-08
-6.87529e-09 0.00817481 1.44954e-08
-7.79293e-09 0.00817481 1.44939e-08
-8.64605e-09 0.00817481 1.45129e-08
-5.2765e-09 0.00817481 1.45554e-08
-6.14431e-09 0.00817481 1.45697e-08
-6.89913e-09 0.00817481 1.45155e-08
-7.73165e-09 0.00817481 1.45924e-08
-8.77683e-09 0.00817481 1.45595e-08
-6.86878e-09 0.00898223 1.87705e-08
-7.602e-09 0.00898223 1.87696e-08
-8.47889e-09 0.00898222 1.88223e-08
-9.23955e-09 0.00898222 1.8751e-08
-9.93544e-09 0.00898222 1.87569e-08
-6.73338e-09 0.00898222 1.87017e-08
-7.62448e-09 0.00898222 1.86724e-08
-8.4697e-09 0.00898222 1.87114e-08
-9.17649e-09 0.00898222 1.87727e-08
-1.00863e-08 0.00898222 1.87822e-08
-6.86355e-09 0.00898222 1.86975e-08
-7.5759e-09 0.00898222 1.87915e-08
-8.33336e-09 0.00898222 1.87136e-08
-9.17428e-09 0.00898222 1.87507e-08
-1.02771e-08 0.00898222 1.87678e-08
-6.8018e-09 0.00898222 1.87962e-08
-7.55926e-09 0.00898222 1.86613e-08
-8.36404e-09 0.00898222 1.87736e-08
-9.26291e-09 0.00898222 1.87607e-08
-1.00399e-08 0.00898222 1.87032e-08
-6.90522e-09 0.00898222 1.88359e-08
-7.6353e-09 0.00898222 1.8679e-08
-8.38136e-09 0.00898222 1.8874e-08
-9.15596e-09 0.00898222 1.87728e-08
-1.00925e-08 0.00898222 1.88325e-08
-7.96799e-09 0.00981657 2.32851e-08
-9.0107e-09 0.00981657 2.31388e-08
-9.85601e-09 0.00981657 2.32492e-08
-1.0577e-08 0.00981657 2.30305e-08
-1.14285e-08 0.00981656 2.31524e-08
-8.02308e-09 0.00981657 2.30482e-08
-8.93327e-09 0.00981657 2.3105e-08
-9.80889e-09 0.00981657 2.30566e-08
-1.05917e-08 0.00981656 2.30364e-08
-1.14636e-08 0.00981656 2.30466e-08
-8.13475e-09 0.00981657 2.31412e-08
-8.9213e-09 0.00981657 2.31189e-08
-9.7e-09 0.00981656 2.31439e-08
-1.05888e-08 0.00981656 2.30335e-08
-1.15172e-08 0.00981656 2.30437e-08
-8.34833e-09 0.00981656 2.32331e-08
-8.9706e-09 0.00981656 2.31626e-08
-9.60178e-09 0.00981656 2.3185e-08
-1.06297e-08 0.00981656 2.30726e-08
-1.15587e-08 0.00981656 2.30825e-08
-8.39675e-09 0.00981656 2.33359e-08
-8.91688e-09 0.00981656 2.32002e-08
-9.69169e-09 0.00981656 2.32156e-08
-1.06902e-08 0.00981656 2.31383e-08
-1.14257e-08 0.00981656 2.32067e-08
-9.39225e-09 0.0106926 2.7371e-08
-1.00911e-08 0.0106926 2.75089e-08
-1.09684e-08 0.0106926 2.70507e-08
-1.17522e-08 0.0106926 2.72617e-08
-1.24812e-08 0.0106926 2.73295e-08
-9.45606e-09 0.0106926 2.74749e-08
-1.011e-08 0.0106926 2.74162e-08
-1.09154e-08 0.0106926 2.73899e-08
-1.17931e-08 0.0106926 2.72838e-08
-1.24358e-08 0.0106926 2.7328e-08
-9.40803e-09 0.0106926 2.75404e-08
-1.01044e-08 0.0106926 2.74294e-08
-1.08668e-08 0.0106926 2.73857e-08
-1.17655e-08 0.0106926 2.73042e-08
-1.2602e-08 0.0106926 2.71295e-08
-9.2204e-09 0.0106926 2.75067e-08
-1.02387e-08 0.0106926 2.75836e-08
-1.08592e-08 0.0106926 2.75031e-08
-1.17568e-08 0.0106926 2.73384e-08
-1.25578e-08 0.0106926 2.73187e-08
-9.27451e-09 0.0106926 2.75292e-08
-1.02501e-08 0.0106926 2.75567e-08
-1.09972e-08 0.0106926 2.74479e-08
-1.18243e-08 0.0106926 2.74683e-08
-1.25358e-08 0.0106926 2.74692e-08
-1.08632e-08 0.0116259 3.15089e-08
-1.12026e-08 0.0116259 3.15171e-08
-1.19268e-08 0.0116259 3.1589e-08
-1.26466e-08 0.0116259 3.10672e-08
-1.3247e-08 0.0116259 3.11406e-08
-1.0419e-08 0.0116259 3.14985e-08
-1.11781e-08 0.0116259 3.15115e-08
-1.18236e-08 0.0116259 3.13653e-08
-1.26801e-08 0.0116259 3.13866e-08
-1.33701e-08 0.0116259 3.12305e-08
-1.04428e-08 0.0116259 3.14996e-08
-1.113e-08 0.0116259 3.15041e-08
-1.17994e-08 0.0116259 3.14925e-08
-1.27049e-08 0.0116259 3.1358e-08
-1.33237e-08 0.0116259 3.14583e-08
-1.04628e-08 0.0116259 3.1472e-08
-1.11644e-08 0.0116259 3.1544e-08
-1.1869e-08 0.0116259 3.15478e-08
-1.26463e-08 0.0116259 3.14757e-08
-1.31758e-08 0.0116259 3.14117e-08
-1.03996e-08 0.0116259 3.14555e-08
-1.1088e-08 0.0116259 3.1531e-08
-1.19822e-08 0.0116259 3.13372e-08
-1.24449e-08 0.0116259 3.16487e-08
-1.33024e-08 0.0116259 3.12638e-08
-1.11286e-08 0.0126291 3.51608e-08
-1.22428e-08 0.0126291 3.52562e-08
-1.24735e-08 0.0126291 3.51255e-08
-1.34527e-08 0.0126291 3.49719e-08
-1.38269e-08 0.0126291 3.49888e-08
-1.11335e-08 0.0126291 3.52161e-08
-1.18858e-08 0.0126291 3.51315e-08
-1.25258e-08 0.0126291 3.51277e-08
-1.325e-08 0.0126291 3.50409e-08
-1.3869e-08 0.0126291 3.49845e-08
-1.10924e-08 0.0126291 3.48761e-08
-1.19067e-08 0.0126291 3.49788e-08
-1.25493e-08 0.0126291 3.4916e-08
-1.31836e-08 0.0126291 3.50813e-08
-1.37563e-08 0.0126291 3.50751e-08
-1.10073e-08 0.0126291 3.4975e-08
-1.18555e-08 0.0126291 3.4956e-08
-1.25123e-08 0.0126291 3.50517e-08
-1.315e-08 0.0126291 3.50377e-08
-1.37717e-08 0.0126291 3.50508e-08
-1.08565e-08 0.0126291 3.52144e-08
-1.18829e-08 0.0126291 3.50048e-08
-1.23082e-08 0.0126291 3.51107e-08
-1.31538e-08 0.0126291 3.50509e-08
-1.40727e-08 0.0126291 3.50989e-08
-1.18322e-08 0.0137092 3.80042e-08
-1.22302e-08 0.0137092 3.80285e-08
-1.29605e-08 0.0137092 3.80188e-08
-1.34355e-08 0.0137092 3.78942e-08
-1.37985e-08 0.0137092 3.80493e-08
-1.1759e-08 0.0137092 3.77187e-08
-1.24062e-08 0.0137092 3.78956e-08
-1.2869e-08 0.0137092 3.78933e-08
-1.33591e-08 0.0137092 3.80034e-08
-1.3829e-08 0.0137092 3.7877e-08
-1.19465e-08 0.0137092 3.78888e-08
-1.23467e-08 0.0137092 3.77824e-08
-1.27614e-08 0.0137092 3.79925e-08
-1.33641e-08 0.0137092 3.80049e-08
-1.36108e-08 0.0137092 3.79415e-08
-1.19084e-08 0.0137092 3.78928e-08
-1.23698e-08 0.0137092 3.79572e-08
-1.28335e-08 0.0137092 3.80012e-08
-1.32544e-08 0.0137092 3.79155e-08
-1.37574e-08 0.0137092 3.80838e-08
-1.17933e-08 0.0137092 3.78833e-08
-1.23246e-08 0.0137092 3.7884e-08
-1.28822e-08 0.0137092 3.81168e-08
-1.33112e-08 0.0137092 3.80443e-08
-1.36538e-08 0.0137092 3.78654e-08
-1.20999e-08 0.0148658 3.9701e-08
-1.24376e-08 0.0148658 3.98802e-08
-1.28418e-08 0.0148658 3.98844e-08
-1.30743e-08 0.0148658 3.97541e-08
-1.33019e-08 0.0148658 3.98251e-08
-1.20772e-08 0.0148658 3.99752e-08
-1.24256e-08 0.0148658 3.99202e-08
-1.2668e-08 0.0148658 3.99191e-08
-1.30193e-08 0.0148658 3.99313e-08
-1.31419e-08 0.0148658 3.98528e-08
-1.22962e-08 0.0148658 4.00681e-08
-1.23937e-08 0.0148658 4.0099e-08
-1.26539e-08 0.0148658 4.00054e-08
-1.29428e-08 0.0148658 3.99836e-08
-1.31936e-08 0.0148658 4.00119e-08
-1.20535e-08 0.0148658 4.02041e-08
-1.24666e-08 0.0148658 4.01642e-08
-1.2766e-08 0.0148658 4.0219e-08
-1.30453e-08 0.0148658 4.00797e-08
-1.28347e-08 0.0148658 4.0145e-08
-1.22939e-08 0.0148658 4.01501e-08
-1.22301e-08 0.0148658 4.00373e-08
-1.28861e-08 0.0148658 4.02262e-08
-1.30267e-08 0.0148658 3.99339e-08
-1.2796e-08 0.0148658 3.98208e-08
-1.20437e-08 0.0160912 4.12163e-08
-1.20997e-08 0.0160912 4.11402e-08
-1.21712e-08 0.0160912 4.0985e-08
-1.25363e-08 0.0160912 4.11266e-08
-1.22235e-08 0.0160912 4.11472e-08
-1.20073e-08 0.0160912 4.11896e-08
-1.21012e-08 0.0160912 4.12005e-08
-1.22867e-08 0.0160912 4.12597e-08
-1.24395e-08 0.0160912 4.11224e-08
-1.22989e-08 0.0160912 4.10492e-08
-1.20136e-08 0.0160912 4.1485e-08
-1.22651e-08 0.0160912 4.14254e-08
-1.21816e-08 0.0160912 4.12756e-08
-1.2288e-08 0.0160912 4.11041e-08
-1.24899e-08 0.0160912 4.11029e-08
-1.21736e-08 0.0160912 4.14435e-08
-1.22554e-08 0.0160912 4.13244e-08
-1.2384e-08 0.0160912 4.14956e-08
-1.23382e-08 0.0160912 4.13319e-08
-1.23545e-08 0.0160912 4.11964e-08
-1.16752e-08 0.0160912 4.1452e-08
-1.22446e-08 0.0160912 4.13714e-08
-1.25689e-08 0.0160912 4.13021e-08
-1.25265e-08 0.0160912 4.13993e-08
-1.2067e-08 0.0160912 4.11991e-08
-1.18136e-08 0.0173738 4.17792e-08
-1.17124e-08 0.0173738 4.13949e-08
-1.12533e-08 0.0173738 4.16807e-08
-1.15931e-08 0.0173738 4.15508e-08
-1.11184e-08 0.0173738 4.1442e-08
-1.20434e-08 0.0173738 4.17114e-08
-1.15903e-08 0.0173738 4.15222e-08
-1.15365e-08 0.0173738 4.13882e-08
-1.15101e-08 0.0173738 4.15599e-08
-1.12289e-08 0.0173738 4.15635e-08
-1.18532e-08 0.0173738 4.15836e-08
-1.17768e-08 0.0173738 4.16474e-08
-1.15335e-08 0.0173738 4.17053e-08
-1.15098e-08 0.0173738 4.1626e-08
-1.10702e-08 0.0173738 4.13875e-08
-1.17711e-08 0.0173738 4.16009e-08
-1.17482e-08 0.0173738 4.17446e-08
-1.16415e-08 0.0173738 4.17662e-08
-1.15179e-08 0.0173738 4.15775e-08
-1.1289e-08 0.0173738 4.15936e-08
-1.20719e-08 0.0173738 4.18412e-08
-1.1851e-08 0.0173738 4.16077e-08
-1.14867e-08 0.0173738 4.1671e-08
-1.15421e-08 0.0173738 4.17737e-08
-1.13607e-08 0.0173738 4.172e-08
-1.11451e-08 0.018703 4.11791e-08
-1.08603e-08 0.018703 4.09518e-08
-1.05482e-08 0.018703 4.06159e-08
-1.02889e-08 0.018703 4.07478e-08
-9.90401e-09 0.018703 4.12011e-08
-1.13657e-08 0.018703 4.11585e-08
-1.09709e-08 0.018703 4.1044e-08
-1.05267e-08 0.018703 4.09297e-08
-1.01843e-08 0.018703 4.1008e-08
-9.78591e-09 0.018703 4.10115e-08
-1.14258e-08 0.018703 4.09465e-08
-1.08828e-08 0.018703 4.10627e-08
-1.05705e-08 0.018703 4.10258e-08
-1.03713e-08 0.018703 4.09472e-08
-9.68503e-09 0.018703 4.11928e-08
-1.11964e-08 0.018703 4.10478e-08
-1.08339e-08 0.018703 4.11344e-08
-1.06401e-08 0.018703 4.11977e-08
-1.04306e-08 0.018703 4.13387e-08
-1.01875e-08 0.018703 4.11368e-08
-1.10174e-08 0.018703 4.11789e-08
-1.07875e-08 0.018703 4.10802e-08
-1.04512e-08 0.018703 4.12695e-08
-1.04569e-08 0.018703 4.14748e-08
-1.0223e-08 0.018703 4.12715e-08
-1.04501e-08 0.0200749 3.97765e-08
-1.01133e-08 0.0200749 3.97357e-08
-9.63319e-09 0.0200749 3.94068e-08
-8.85127e-09 0.0200749 3.95173e-08
-8.08812e-09 0.0200749 3.95776e-08
-1.04857e-08 0.0200749 3.98332e-08
-1.00366e-08 0.0200749 3.98719e-08
-9.45923e-09 0.0200749 3.98192e-08
-9.02878e-09 0.0200749 3.95725e-08
-8.39242e-09 0.0200749 3.97753e-08
-1.06007e-08 0.0200749 3.98654e-08
-9.9419e-09 0.0200749 4.00161e-08
-9.40856e-09 0.0200749 3.98905e-08
-9.16926e-09 0.0200749 3.97862e-08
-8.21949e-09 0.0200749 3.97434e-08
-1.04039e-08 0.0200749 3.98443e-08
-9.96466e-09 0.0200749 3.99141e-08
-9.49108e-09 0.0200749 3.98763e-08
-9.18791e-09 0.0200749 3.98016e-08
-8.62644e-09 0.0200749 3.99932e-08
-9.91807e-09 0.0200749 3.99309e-08
-9.98746e-09 0.0200749 3.97884e-08
-9.1642e-09 0.0200749 3.99494e-08
-9.20699e-09 0.0200749 3.99465e-08
-8.75088e-09 0.0200749 3.97397e-08
-9.47725e-09 0.0214958 3.79221e-08
-8.99547e-09 0.0214958 3.77939e-08
-8.14072e-09 0.0214958 3.80999e-08
-7.692e-09 0.0214958 3.78191e-08
-6.89437e-09 0.0214958 3.77684e-08
-9.41196e-09 0.0214958 3.80906e-08
-8.79327e-09 0.0214958 3.79709e-08
-8.23279e-09 0.0214958 3.78239e-08
-7.59866e-09 0.0214958 3.77611e-08
-7.12287e-09 0.0214958 3.76705e-08
-9.33249e-09 0.0214958 3.82001e-08
-8.74858e-09 0.0214958 3.81307e-08
-8.39386e-09 0.0214958 3.80467e-08
-7.74872e-09 0.0214958 3.78901e-08
-7.16237e-09 0.0214958 3.79278e-08
-9.15979e-09 0.0214958 3.80308e-08
-8.72716e-09 0.0214958 3.79699e-08
-8.31168e-09 0.0214958 3.78936e-08
-7.89867e-09 0.0214958 3.78412e-08
-7.44459e-09 0.0214958 3.77993e-08
-9.21481e-09 0.0214958 3.80548e-08
-8.85637e-09 0.0214958 3.81127e-08
-8.34095e-09 0.0214958 3.78792e-08
-7.83064e-09 0.0214958 3.78144e-08
-7.42228e-09 0.0214958 3.75917e-08
-8.07814e-09 0.0229814 3.58409e-08
-7.51119e-09 0.0229814 3.58536e-08
-6.91931e-09 0.0229814 3.5457e-08
-6.29011e-09 0.0229814 3.52459e-08
-5.35948e-09 0.0229814 3.53987e-08
-8.17776e-09 0.0229814 3.56916e-08
-7.49611e-09 0.0229814 3.57367e-08
-6.94287e-09 0.0229814 3.56084e-08
-6.5201e-09 0.0229814 3.53039e-08
-5.70891e-09 0.0229814 3.52902e-08
-8.05614e-09 0.0229814 3.58089e-08
-7.46271e-09 0.0229814 3.55718e-08
-6.89963e-09 0.0229814 3.55736e-08
-6.47306e-09 0.0229814 3.54706e-08
-6.00696e-09 0.0229814 3.53352e-08
-7.94982e-09 0.0229814 3.58163e-08
-7.61466e-09 0.0229814 3.57418e-08
-7.04125e-09 0.0229814 3.56314e-08
-6.66843e-09 0.0229814 3.55893e-08
-5.73999e-09 0.0229814 3.54881e-08
-8.04631e-09 0.0229814 3.57532e-08
-7.74757e-09 0.0229814 3.57313e-08
-7.13179e-09 0.0229814 3.58171e-08
-6.68273e-09 0.0229814 3.53682e-08
-6.22134e-09 0.0229814 3.55198e-08
-5.78653e-09 0.0245498 3.33714e-08
-6.13755e-09 0.0245498 3.31228e-08
-5.97658e-09 0.0245498 3.35167e-08
-5.5543e-09 0.0245498 3.27976e-08
-4.33805e-09 0.0245498 3.23992e-08
-6.42916e-09 0.0245498 3.32712e-08
-6.06954e-09 0.0245498 3.32152e-08
-5.6909e-09 0.0245498 3.31435e-08
-5.67563e-09 0.0245498 3.3067e-08
-4.55892e-09 0.0245498 3.28551e-08
-6.78467e-09 0.0245498 3.32726e-08
-6.21385e-09 0.0245498 3.3285e-08
-5.82107e-09 0.0245498 3.32709e-08
-5.4583e-09 0.0245498 3.30186e-08
-4.78659e-09 0.0245498 3.30021e-08
-6.81062e-09 0.0245498 3.34803e-08
-6.35911e-09 0.0245498 3.34465e-08
-5.75531e-09 0.0245498 3.32081e-08
-5.46594e-09 0.0245498 3.30853e-08
-5.08612e-09 0.0245498 3.29732e-08
-7.00908e-09 0.0245498 3.34498e-08
-6.59736e-09 0.0245498 3.36149e-08
-5.82954e-09 0.0245498 3.30751e-08
-5.78703e-09 0.0245498 3.34146e-08
-5.18636e-09 0.0245498 3.29486e-08
-5.50384e-09 0.0262094 3.07921e-08
-5.07503e-09 0.0262094 3.0986e-08
-4.69512e-09 0.0262094 3.08243e-08
-4.12919e-09 0.0262094 3.06995e-08
-3.97866e-09 0.0262094 3.06554e-08
-5.39621e-09 0.0262094 3.10968e-08
-4.93263e-09 0.0262094 3.11102e-08
-4.56537e-09 0.0262094 3.11202e-08
-4.47752e-09 0.0262094 3.10633e-08
-3.86591e-09 0.0262094 3.07879e-08
-5.71358e-09 0.0262094 3.1165e-08
-4.93162e-09 0.0262094 3.10238e-08
-4.6371e-09 0.0262094 3.12088e-08
-4.55579e-09 0.0262094 3.08947e-08
-3.91892e-09 0.0262094 3.10984e-08
-5.55781e-09 0.0262094 3.12046e-08
-5.05162e-09 0.0262094 3.10366e-08
-4.9384e-09 0.0262094 3.14279e-08
-4.54302e-09 0.0262094 3.08631e-08
-3.78455e-09 0.0262094 3.08495e-08
-5.65345e-09 0.0262094 3.13534e-08
-5.16265e-09 0.0262094 3.12236e-08
-4.79335e-09 0.0262094 3.12502e-08
-4.56642e-09 0.0262094 3.11774e-08
-4.62775e-09 0.0262094 3.04388e-08
-4.07299e-09 0.0279478 2.9855e-08
-3.4761e-09 0.0279478 2.96471e-08
-3.2972e-09 0.0279478 2.94532e-08
-3.50392e-09 0.0279478 2.92566e-08
-3.56319e-09 0.0279478 2.90161e-08
-4.27016e-09 0.0279478 2.94323e-08
-3.8035e-09 0.0279478 2.97622e-08
-3.25805e-09 0.0279478 2.94047e-08
-3.54864e-09 0.0279478 2.91142e-08
-3.46146e-09 0.0279478 2.94366e-08
-4.10255e-09 0.0279478 2.97905e-08
-3.83258e-09 0.0279478 2.95538e-08
-3.68496e-09 0.0279478 2.92095e-08
-3.59511e-09 0.0279478 2.94315e-08
-3.62348e-09 0.0279478 2.93691e-08
-4.48267e-09 0.0279478 2.96546e-08
-3.74022e-09 0.0279478 2.96868e-08
-3.80917e-09 0.0279478 2.96884e-08
-3.70406e-09 0.0279478 2.95525e-08
-3.57155e-09 0.0279478 2.94938e-08
-4.44141e-09 0.0279478 2.99573e-08
-3.94622e-09 0.0279478 2.96214e-08
-3.68462e-09 0.0279478 2.99992e-08
-3.74969e-09 0.0279478 2.96196e-08
-3.25815e-09 0.0279478 2.93949e-08
-2.10977e-09 0.0297285 2.86862e-08
-2.48728e-09 0.0297285 2.85911e-08
-2.41714e-09 0.0297285 2.78788e-08
-2.76459e-09 0.0297285 2.77512e-08
-2.53945e-09 0.0297285 2.80681e-08
-2.62376e-09 0.0297285 2.82582e-08
-2.40997e-09 0.0297285 2.81564e-08
-2.6702e-09 0.0297285 2.81592e-08
-2.80103e-09 0.0297285 2.81877e-08
-2.87049e-09 0.0297285 2.81833e-08
-2.4915e-09 0.0297285 2.83994e-08
-2.78738e-09 0.0297285 2.82652e-08
-2.72142e-09 0.0297285 2.79407e-08
-2.77784e-09 0.0297285 2.83956e-08
-2.63223e-09 0.0297285 2.83615e-08
-2.81467e-09 0.0297285 2.87515e-08
-2.68502e-09 0.0297285 2.8204e-08
-2.76519e-09 0.0297285 2.8387e-08
-2.87984e-09 0.0297285 2.84939e-08
-2.18354e-09 0.0297285 2.85217e-08
-2.72617e-09 0.0297285 2.8077e-08
-2.52167e-09 0.0297285 2.90646e-08
-3.00815e-09 0.0297285 2.83144e-08
-3.08237e-09 0.0297285 2.85642e-08
-2.7e-09 0.0297285 2.84664e-08
-1.46702e-09 0.0315039 2.81427e-08
-1.60089e-09 0.0315039 2.78964e-08
-1.46209e-09 0.0315039 2.76211e-08
-1.98651e-09 0.0315039 2.76541e-08
-2.24956e-09 0.0315039 2.79492e-08
-1.24276e-09 0.0315039 2.76793e-08
-1.74225e-09 0.0315039 2.78234e-08
-1.78609e-09 0.0315039 2.7637e-08
-1.87465e-09 0.0315039 2.7429e-08
-1.91821e-09 0.0315039 2.79276e-08
-1.78639e-09 0.0315039 2.77884e-08
-1.65981e-09 0.0315039 2.76906e-08
-1.81888e-09 0.0315039 2.77884e-08
-2.05292e-09 0.0315039 2.8093e-08
-1.55646e-09 0.0315039 2.78622e-08
-1.70309e-09 0.0315039 2.81687e-08
-1.91576e-09 0.0315039 2.83674e-08
-1.90903e-09 0.0315039 2.79511e-08
-1.79548e-09 0.0315039 2.80867e-08
-1.9624e-09 0.0315039 2.83144e-08
-1.18846e-09 0.0315039 2.82526e-08
-2.16875e-09 0.0315039 2.78565e-08
-1.94689e-09 0.0315039 2.858e-08
-1.80243e-09 0.0315039 2.80644e-08
-1.82479e-09 0.0315039 2.84688e-08
-1.06297e-09 0.0332463 2.80223e-08
-7.35177e-10 0.0332463 2.81727e-08
-1.53907e-09 0.0332463 2.82845e-08
-9.80882e-10 0.0332463 2.79345e-08
-8.94111e-10 0.0332463 2.78126e-08
-1.48125e-09 0.0332463 2.85071e-08
-1.07232e-09 0.0332463 2.80541e-08
-1.09883e-09 0.0332463 2.83306e-08
-1.14569e-09 0.0332463 2.82828e-08
-1.0516e-09 0.0332463 2.83224e-08
-1.51516e-09 0.0332463 2.82519e-08
-1.32124e-09 0.0332463 2.8581e-08
-9.2254e-10 0.0332463 2.82677e-08
-1.04784e-09 0.0332463 2.85059e-08
-9.63485e-10 0.0332463 2.84585e-08
-5.56643e-10 0.0332463 2.86859e-08
-1.34195e-09 0.0332463 2.84968e-08
-1.39099e-09 0.0332463 2.84749e-08
-9.76922e-10 0.0332463 2.89627e-08
-5.91027e-10 0.0332463 2.84805e-08
-9.49601e-10 0.0332463 2.86825e-08
-1.30854e-09 0.0332463 2.90592e-08
-1.51441e-09 0.0332463 2.92525e-08
-1.05105e-09 0.0332463 2.8599e-08
-3.76685e-10 0.0332463 2.86203e-08
-9.92735e-10 0.0349796 2.85375e-08
-7.44802e-10 0.0349796 2.88741e-08
-8.09445e-10 0.0349796 2.86468e-08
-4.06409e-10 0.0349796 2.84488e-08
-2.84352e-10 0.0349796 2.86126e-08
-1.37213e-09 0.0349796 2.92112e-08
-7.6804e-10 0.0349796 2.91526e-08
-7.34621e-10 0.0349796 2.88424e-08
-8.9606e-10 0.0349796 2.8861e-08
2.64059e-10 0.0349796 2.85873e-08
-8.76083e-10 0.0349796 2.91519e-08
-1.13683e-09 0.0349796 2.92547e-08
-6.18479e-10 0.0349796 2.91272e-08
-3.76485e-10 0.0349796 2.91709e-08
-4.39768e-10 0.0349796 2.89588e-08
-2.66656e-10 0.0349796 2.90543e-08
-1.20805e-09 0.0349796 2.93071e-08
-5.63706e-10 0.0349796 2.94615e-08
-4.70036e-10 0.0349796 2.96173e-08
-4.38286e-10 0.0349796 2.94996e-08
-8.39453e-10 0.0349796 2.91643e-08
-6.64233e-10 0.0349796 2.8771e-08
-8.3417e-10 0.0349796 2.99233e-08
-7.33561e-10 0.0349796 3.01595e-08
4.17936e-10 0.0349796 3.00281e-08
-2.72756e-09 0.036782 3.02248e-08
-1.48836e-09 0.036782 2.91406e-08
-7.26367e-10 0.036782 2.90028e-08
-4.58051e-10 0.036782 2.886e-08
-8.92031e-10 0.036782 2.76823e-08
-2.08678e-09 0.036782 2.91653e-08
-1.56157e-09 0.036782 2.93686e-08
-7.9208e-10 0.036782 2.86727e-08
-4.18265e-10 0.036782 2.8987e-08
5.4466e-10 0.036782 2.86504e-08
-1.465e-09 0.036782 2.91674e-08
-1.35298e-09 0.036782 2.92577e-08
-6.65771e-10 0.036782 2.91552e-08
-4.27901e-10 0.036782 2.94351e-08
6.83201e-10 0.036782 2.93231e-08
-9.34207e-10 0.036782 2.89286e-08
-1.20972e-09 0.036782 2.94574e-08
-5.91042e-10 0.036782 3.00969e-08
2.04789e-10 0.036782 2.99827e-08
-9.71312e-12 0.036782 3.03266e-08
-3.4035e-10 0.036782 2.89367e-08
-1.13529e-09 0.036782 2.93346e-08
-1.54905e-10 0.036782 3.07917e-08
3.11591e-10 0.036782 3.09527e-08
-1.30848e-10 0.036782 3.01329e-08
-4.78018e-09 0.0387216 2.69558e-08
-3.29823e-09 0.0387216 2.72699e-08
-1.0348e-09 0.0387216 2.78843e-08
-8.22525e-10 0.0387216 2.83038e-08
2.50236e-09 0.0387216 2.81706e-08
-3.59927e-09 0.0387216 2.72003e-08
-3.56167e-09 0.0387216 2.79312e-08
-1.07012e-09 0.0387216 2.85537e-08
9.57385e-11 0.0387216 2.82023e-08
1.9837e-09 0.0387216 2.77268e-08
-3.90882e-09 0.0387216 2.76649e-08
-2.82606e-09 0.0387216 2.76411e-08
-1.09619e-09 0.0387216 2.8472e-08
8.10235e-10 0.0387216 2.88511e-08
1.18711e-09 0.0387216 2.85759e-08
-4.28537e-09 0.0387216 2.73146e-08
-2.07432e-09 0.0387216 2.90846e-08
-2.05732e-10 0.0387216 3.0347e-08
4.09606e-10 0.0387216 3.0051e-08
3.58398e-10 0.0387216 2.96509e-08
-4.44416e-09 0.0387216 2.89654e-08
-1.47082e-09 0.0387216 2.93402e-08
-2.5954e-10 0.0387216 3.06173e-08
1.35545e-10 0.0387216 3.06077e-08
2.17059e-09 0.0387216 3.0132e-08
-9.99606e-09 0.0407362 2.0927e-08
-2.33568e-09 0.0407362 2.37763e-08
-3.06109e-09 0.0407362 2.85879e-08
1.24807e-09 0.0407362 2.69471e-08
1.9186e-09 0.0407362 2.49413e-08
-9.11906e-09 0.0407361 2.20806e-08
-5.04618e-09 0.0407362 2.52577e-08
-1.42524e-09 0.0407362 2.77103e-08
7.16199e-10 0.0407362 2.60047e-08
5.4189e-09 0.0407362 2.52021e-08
-6.70764e-09 0.0407362 2.52532e-08
-5.68045e-09 0.0407361 2.76902e-08
-1.06508e-09 0.0407362 2.60823e-08
2.32108e-09 0.0407362 2.86678e-08
5.85867e-09 0.0407362 2.49428e-08
-6.65443e-09 0.0407361 2.80615e-08
-3.34204e-09 0.0407361 2.59181e-08
-7.27287e-10 0.0407362 2.96379e-08
1.80005e-09 0.0407362 2.94168e-08
3.42645e-09 0.0407362 3.02014e-08
-6.92054e-09 0.0407361 2.88873e-08
-2.79609e-09 0.0407361 2.72395e-08
-8.6699e-10 0.0407362 3.0235e-08
6.60734e-10 0.0407362 3.4615e-08
2.26302e-09 0.0407362 3.10408e-08
-8.7811e-09 0.0425843 1.75251e-08
-6.5601e-09 0.0425844 2.58822e-08
4.44601e-10 0.0425843 2.33226e-08
2.63907e-09 0.0425843 2.48949e-08
8.60859e-09 0.0425844 3.04898e-08
-1.70573e-08 0.0425843 1.88645e-08
-6.76022e-09 0.0425842 2.46569e-08
-2.88952e-09 0.0425844 2.012e-08
3.31413e-09 0.0425843 2.67797e-08
1.48466e-08 0.0425844 2.24556e-08
-1.4572e-08 0.0425842 2.73535e-08
-8.73908e-09 0.0425843 2.28737e-08
-2.24558e-09 0.0425843 3.35309e-08
4.61418e-09 0.0425843 2.11278e-08
1.19521e-08 0.0425843 1.94492e-08
-5.68342e-09 0.0425842 2.92472e-08
-6.15037e-09 0.0425843 3.53807e-08
7.54881e-10 0.0425843 3.06431e-08
3.52726e-09 0.0425844 3.28447e-08
2.28795e-09 0.0425843 2.46706e-08
-9.32434e-09 0.0425842 2.58888e-08
-4.84835e-09 0.0425842 2.16846e-08
4.57101e-09 0.0425843 3.96948e-08
3.70773e-09 0.0425843 3.00486e-08
2.62548e-09 0.0425844 3.57607e-08
-3.07568e-08 0.0441282 -1.80307e-09
-8.31642e-09 0.0441282 7.67545e-09
-1.80623e-08 0.0441285 2.87113e-08
3.34387e-09 0.0441285 2.32301e-08
2.47398e-08 0.0441285 5.33246e-08
-9.15458e-09 0.0441281 1.12033e-08
-1.54572e-08 0.0441284 1.14655e-08
-7.93447e-09 0.0441284 2.38856e-08
1.1117e-08 0.0441284 1.75296e-08
3.71628e-08 0.0441286 2.81777e-08
-7.91903e-09 0.0441282 2.45522e-08
-1.1908e-08 0.0441283 2.55786e-08
-1.72849e-09 0.0441283 2.99814e-08
1.04529e-08 0.0441284 3.06021e-08
1.04493e-08 0.0441282 2.52505e-08
-3.70208e-09 0.0441284 2.92852e-08
-2.83916e-09 0.0441281 2.99655e-08
2.32177e-09 0.0441284 4.79122e-08
1.57058e-09 0.0441282 3.19607e-08
-1.45172e-09 0.0441286 2.12441e-08
8.26731e-09 0.0441284 3.84079e-08
2.18267e-09 0.0441282 4.65182e-08
-3.32682e-09 0.0441283 3.0037e-08
-7.17296e-09 0.0441285 3.29035e-08
5.09988e-09 0.0441283 4.90581e-09
-6.14818e-08 0.0459761 2.07147e-08
-2.08609e-08 0.0459757 2.93596e-08
-1.09538e-08 0.0459758 2.17631e-08
4.49659e-08 0.0459757 4.15834e-08
4.12789e-08 0.0459754 3.39974e-08
-4.5487e-08 0.0459756 2.12015e-08
-1.08487e-08 0.0459756 1.75704e-08
-1.01798e-08 0.0459756 2.94065e-08
1.38126e-08 0.0459756 2.32502e-08
2.95971e-08 0.0459754 2.36982e-08
1.42124e-08 0.0459755 1.80003e-08
-6.70592e-09 0.0459758 2.54272e-08
-4.30373e-09 0.0459754 1.61035e-08
7.52584e-09 0.0459753 2.61119e-08
2.27371e-08 0.0459754 2.58639e-08
-4.65297e-09 0.0459755 1.55396e-08
5.00927e-09 0.0459758 2.21498e-08
5.5951e-09 0.0459756 2.47497e-08
-9.76689e-09 0.0459757 2.80344e-08
-2.44472e-09 0.0459754 3.22852e-08
-4.14911e-09 0.0459759 -2.03181e-09
7.5529e-09 0.0459758 1.58332e-08
4.0518e-10 0.0459761 2.41753e-08
-2.166e-08 0.0459753 2.54137e-08
1.46802e-08 0.0459754 3.0605e-08
1.21099e-08 0.0486408 4.91958e-08
-2.50643e-08 0.0486411 2.6002e-08
3.79755e-09 0.0486408 1.75925e-08
2.22532e-08 0.0486408 1.74005e-08
1.70094e-08 0.0486407 3.11429e-08
-6.35009e-09 0.0486412 1.87702e-08
-1.6984e-08 0.0486409 1.56073e-08
-2.26305e-09 0.0486409 2.08869e-08
9.0389e-09 0.0486408 2.04434e-08
4.82653e-08 0.0486408 2.08926e-08
2.87991e-09 0.0486412 3.7508e-09
-8.49988e-09 0.048641 5.76975e-09
1.09821e-10 0.0486408 1.49005e-08
6.5545e-09 0.0486407 8.88184e-09
3.9438e-09 0.0486405 1.38625e-08
1.01079e-09 0.0486414 -3.5111e-09
4.75819e-09 0.0486411 7.7307e-10
2.48929e-09 0.0486408 3.15219e-09
6.08901e-09 0.0486407 1.39681e-08
-2.1089e-08 0.0486408 1.54425e-08
3.14699e-08 0.0486411 -4.31555e-10
2.44074e-08 0.0486411 1.47494e-08
1.12786e-08 0.0486408 1.98938e-08
-1.00569e-08 0.048641 3.52322e-08
-1.90034e-08 0.0486409 1.9978e-08
0 0.05 0
0 0.05 0
0 0.05 0
0 0.05 0
0 0.05 0
0 0.05 0
0 0.05 0
0 0.05 0
0 0.05 0
0 0.05 0
0 0.05 0
0 0.05 0
0 0.05 0
0 0.05 0
0 0.05 0
0 0.05 0
0 0.05 0
0 0.05 0
0 0.05 0
0 0.05 0
0 0.05 0
0 0.05 0
0 0.05 0
0 0.05 0
0 0.05 0
