0 0 0
0 0 0
0 0 0
0 0 0
0 0 0
0 0 0
0 0 0
0 0 0
0 0 0
0 0 0
0 0 0
0 0 0
0 0 0
0 0 0
0 0 0
0 0 0
0 0 0
0 0 0
0 0 0
0 0 0
0 0 0
0 0 0
0 0 0
0 0 0
0 0 0
9.0152e-10 -0.00202723 4.06129e-10
9.65595e-10 -0.00202723 6.38141e-10
8.45641e-10 -0.00202723 6.61984e-10
7.39098e-10 -0.00202723 7.99168e-10
5.06948e-10 -0.00202723 7.63685e-10
1.05801e-09 -0.00202723 6.3004e-10
8.95851e-10 -0.00202723 6.37397e-10
8.32981e-10 -0.00202723 6.81728e-10
7.13182e-10 -0.00202723 6.3292e-10
5.43473e-10 -0.00202723 7.01594e-10
1.06713e-09 -0.00202723 6.66197e-10
8.97283e-10 -0.00202723 6.6352e-10
7.93178e-10 -0.00202723 6.50435e-10
6.87974e-10 -0.00202723 6.14513e-10
5.66803e-10 -0.00202723 6.48317e-10
9.16608e-10 -0.00202723 5.98895e-10
8.65012e-10 -0.00202723 6.0033e-10
7.98747e-10 -0.00202723 5.62181e-10
6.46493e-10 -0.00202723 6.37886e-10
5.79003e-10 -0.00202723 5.60656e-10
9.26491e-10 -0.00202723 6.2064e-10
8.66782e-10 -0.00202723 4.84265e-10
7.96349e-10 -0.00202723 4.99591e-10
6.5933e-10 -0.00202723 6.51112e-10
5.48188e-10 -0.00202723 6.58631e-10
2.0229e-09 -0.00400924 1.08592e-09
1.84029e-09 -0.00400924 1.15118e-09
1.55866e-09 -0.00400924 1.23903e-09
1.47298e-09 -0.00400924 1.3629e-09
1.3018e-09 -0.00400924 1.41048e-09
1.83731e-09 -0.00400924 1.17235e-09
1.78015e-09 -0.00400924 1.25363e-09
1.67653e-09 -0.00400924 1.28422e-09
1.36718e-09 -0.00400924 1.20089e-09
1.188e-09 -0.00400924 1.37703e-09
2.02656e-09 -0.00400924 1.31185e-09
1.69519e-09 -0.00400924 1.29809e-09
1.62737e-09 -0.00400924 1.2422e-09
1.41114e-09 -0.00400924 1.22767e-09
1.2774e-09 -0.00400924 1.12466e-09
1.59368e-09 -0.00400924 1.17281e-09
1.72239e-09 -0.00400924 1.20872e-09
1.51149e-09 -0.00400924 1.16158e-09
1.43982e-09 -0.00400924 1.18446e-09
1.19545e-09 -0.00400924 1.20314e-09
1.59889e-09 -0.00400924 1.02408e-09
1.63952e-09 -0.00400924 9.94652e-10
1.5826e-09 -0.00400924 1.19177e-09
1.25952e-09 -0.00400924 1.20463e-09
1.25542e-09 -0.00400924 1.12347e-09
2.90568e-09 -0.00590098 1.74884e-09
2.563e-09 -0.00590098 1.62558e-09
2.32588e-09 -0.00590098 1.66655e-09
2.05412e-09 -0.00590098 1.59807e-09
1.85668e-09 -0.00590098 1.86497e-09
2.87003e-09 -0.00590098 1.78255e-09
2.65318e-09 -0.00590098 1.66341e-09
2.28321e-09 -0.00590098 1.76199e-09
2.16311e-09 -0.00590098 1.74219e-09
1.8537e-09 -0.00590098 1.72225e-09
2.61455e-09 -0.00590098 1.5676e-09
2.6498e-09 -0.00590098 1.68681e-09
2.24709e-09 -0.00590098 1.65129e-09
2.01836e-09 -0.00590098 1.67284e-09
1.92644e-09 -0.00590098 1.79735e-09
2.55977e-09 -0.00590098 1.56713e-09
2.4534e-09 -0.00590098 1.59107e-09
2.30193e-09 -0.00590098 1.58138e-09
2.02515e-09 -0.00590098 1.62045e-09
1.75936e-09 -0.00590098 1.58055e-09
2.61436e-09 -0.00590098 1.67314e-09
2.66259e-09 -0.00590098 1.51694e-09
2.28324e-09 -0.00590098 1.80625e-09
1.77417e-09 -0.00590098 1.84998e-09
1.78926e-09 -0.00590098 1.32285e-09
3.68196e-09 -0.00765777 1.86562e-09
3.04574e-09 -0.00765777 1.83732e-09
3.15066e-09 -0.00765777 1.72903e-09
2.75238e-09 -0.00765777 1.93373e-09
2.11e-09 -0.00765777 2.02693e-09
3.64243e-09 -0.00765777 1.82351e-09
3.28952e-09 -0.00765777 1.81068e-09
3.06424e-09 -0.00765777 1.96415e-09
2.79434e-09 -0.00765776 2.17208e-09
2.57138e-09 -0.00765777 1.58767e-09
3.41672e-09 -0.00765777 1.73973e-09
3.30065e-09 -0.00765776 1.9351e-09
2.95155e-09 -0.00765776 1.98432e-09
2.80056e-09 -0.00765776 1.84455e-09
2.5019e-09 -0.00765776 2.03294e-09
3.16677e-09 -0.00765777 1.96127e-09
3.24705e-09 -0.00765776 1.83734e-09
3.01525e-09 -0.00765776 2.07234e-09
2.66694e-09 -0.00765776 1.847e-09
2.37336e-09 -0.00765776 1.82015e-09
3.38499e-09 -0.00765777 2.02535e-09
3.0006e-09 -0.00765777 2.13613e-09
2.96934e-09 -0.00765776 1.56172e-09
2.13625e-09 -0.00765776 1.73551e-09
2.21469e-09 -0.00765777 1.4661e-09
3.75886e-09 -0.00923558 1.34818e-09
3.95408e-09 -0.00923558 1.68924e-09
3.62576e-09 -0.00923558 1.95381e-09
3.73628e-09 -0.00923558 1.89626e-09
3.90415e-09 -0.00923558 1.55419e-09
4.1634e-09 -0.00923558 1.80937e-09
3.66328e-09 -0.00923558 1.78057e-09
3.59982e-09 -0.00923558 1.95414e-09
3.43243e-09 -0.00923558 1.79252e-09
3.21693e-09 -0.00923558 2.0341e-09
3.93069e-09 -0.00923558 1.91015e-09
3.89963e-09 -0.00923558 1.78646e-09
3.51816e-09 -0.00923558 2.02907e-09
3.39076e-09 -0.00923558 2.05403e-09
3.0836e-09 -0.00923558 1.64509e-09
3.74913e-09 -0.00923558 1.96015e-09
3.67239e-09 -0.00923558 1.89352e-09
3.34937e-09 -0.00923558 1.94667e-09
3.27714e-09 -0.00923558 1.87308e-09
3.15308e-09 -0.00923557 2.24943e-09
3.36037e-09 -0.00923558 2.05855e-09
4.05684e-09 -0.00923558 1.9744e-09
3.40901e-09 -0.00923558 2.16663e-09
3.0344e-09 -0.00923558 1.87142e-09
2.89679e-09 -0.00923558 1.50098e-09
2.86028e-09 -0.0105915 1.72164e-09
3.80408e-09 -0.0105915 1.89991e-09
4.04558e-09 -0.0105915 1.64576e-09
3.99791e-09 -0.0105915 1.18185e-09
4.24981e-09 -0.0105915 1.3439e-09
4.14434e-09 -0.0105915 1.39401e-09
4.15118e-09 -0.0105915 1.92113e-09
3.85008e-09 -0.0105915 1.80556e-09
3.89442e-09 -0.0105915 1.75396e-09
4.26125e-09 -0.0105915 1.54012e-09
4.205e-09 -0.0105915 1.40313e-09
4.03821e-09 -0.0105915 1.69613e-09
3.91148e-09 -0.0105915 1.7412e-09
3.85344e-09 -0.0105915 1.90101e-09
3.88368e-09 -0.0105915 1.59172e-09
4.11309e-09 -0.0105915 1.31151e-09
4.06429e-09 -0.0105915 1.68458e-09
3.99314e-09 -0.0105915 2.14837e-09
3.87505e-09 -0.0105915 1.82589e-09
3.71858e-09 -0.0105915 2.00632e-09
4.7056e-09 -0.0105915 9.29823e-10
3.93784e-09 -0.0105915 2.02349e-09
3.36391e-09 -0.0105915 1.58187e-09
3.48985e-09 -0.0105915 2.40859e-09
3.93391e-09 -0.0105915 2.16215e-09
4.21554e-09 -0.0116841 8.896e-10
4.18182e-09 -0.0116841 1.4089e-09
3.63e-09 -0.0116841 7.05197e-10
4.02042e-09 -0.0116841 1.13826e-09
5.126e-09 -0.0116841 6.45311e-10
4.41503e-09 -0.0116841 1.43576e-09
3.94489e-09 -0.0116841 1.21712e-09
4.08394e-09 -0.0116841 1.40796e-09
3.98308e-09 -0.0116841 1.3873e-09
4.60874e-09 -0.0116841 1.28683e-09
4.67748e-09 -0.0116841 1.28826e-09
4.05013e-09 -0.0116841 1.36047e-09
4.05712e-09 -0.0116841 1.54394e-09
4.4069e-09 -0.0116841 1.46341e-09
4.06764e-09 -0.0116841 1.51154e-09
3.95924e-09 -0.0116841 1.24795e-09
4.23356e-09 -0.0116841 1.26787e-09
4.33587e-09 -0.0116841 1.48639e-09
3.73051e-09 -0.0116841 1.81407e-09
4.65363e-09 -0.0116841 1.44337e-09
3.64418e-09 -0.0116841 7.30154e-10
3.949e-09 -0.0116841 1.01152e-09
3.39912e-09 -0.0116841 1.34259e-09
3.91472e-09 -0.0116841 1.35869e-09
3.89814e-09 -0.0116841 1.49488e-09
3.80646e-09 -0.0124744 9.59266e-10
4.33475e-09 -0.0124744 -4.0558e-10
4.01568e-09 -0.0124744 6.50367e-10
4.71026e-09 -0.0124744 3.4044e-10
4.14382e-09 -0.0124744 4.0978e-10
4.00141e-09 -0.0124744 -5.6696e-11
3.86007e-09 -0.0124744 6.3983e-10
4.09478e-09 -0.0124744 3.72716e-10
4.52624e-09 -0.0124744 9.71202e-10
4.24311e-09 -0.0124744 2.56237e-10
3.69474e-09 -0.0124744 2.56855e-10
4.04886e-09 -0.0124744 7.2139e-10
4.12529e-09 -0.0124744 1.07219e-09
4.25228e-09 -0.0124744 9.59556e-10
4.52251e-09 -0.0124744 9.00027e-10
3.1434e-09 -0.0124744 7.1615e-10
4.12454e-09 -0.0124744 5.73649e-10
4.10955e-09 -0.0124744 6.13942e-10
4.36492e-09 -0.0124744 7.56369e-10
4.11272e-09 -0.0124744 8.69762e-10
3.74624e-09 -0.0124744 4.11276e-10
3.7249e-09 -0.0124744 4.07547e-10
4.12147e-09 -0.0124744 5.14088e-10
4.35725e-09 -0.0124744 9.95142e-10
4.1951e-09 -0.0124744 7.93484e-10
3.68292e-09 -0.0129268 -1.6481e-09
4.04101e-09 -0.0129268 -1.19651e-09
4.80674e-09 -0.0129268 -3.42387e-10
5.01458e-09 -0.0129268 -6.79459e-10
4.29153e-09 -0.0129268 -6.58066e-10
3.59878e-09 -0.0129268 -9.43174e-10
3.6115e-09 -0.0129268 -5.77785e-10
4.15342e-09 -0.0129268 -3.31228e-10
4.47012e-09 -0.0129268 -2.17828e-10
4.84884e-09 -0.0129268 -2.91651e-10
3.38331e-09 -0.0129268 -6.45581e-10
3.60236e-09 -0.0129268 -5.43752e-10
3.99798e-09 -0.0129268 -3.68994e-10
4.31221e-09 -0.0129268 2.49919e-10
4.26359e-09 -0.0129268 -3.31332e-10
3.0517e-09 -0.0129268 -2.47733e-10
3.60645e-09 -0.0129268 -3.14789e-10
3.98653e-09 -0.0129268 -6.13253e-10
4.13991e-09 -0.0129268 -2.17373e-10
3.91528e-09 -0.0129268 -2.05872e-10
2.55019e-09 -0.0129268 -4.02563e-10
3.68273e-09 -0.0129268 -4.52081e-10
3.48762e-09 -0.0129268 -5.54031e-10
3.79216e-09 -0.0129268 -8.88668e-10
4.91912e-09 -0.0129268 -3.49333e-10
2.85208e-09 -0.0130099 -3.08399e-09
4.00698e-09 -0.0130099 -3.00835e-09
4.1598e-09 -0.0130099 -2.37464e-09
4.23491e-09 -0.0130099 -1.74408e-09
4.40795e-09 -0.0130099 -2.17297e-09
2.88449e-09 -0.0130099 -2.94223e-09
3.49851e-09 -0.0130099 -2.04072e-09
3.57032e-09 -0.0130099 -1.83341e-09
3.96855e-09 -0.0130099 -1.91284e-09
3.17674e-09 -0.0130099 -1.93674e-09
2.81148e-09 -0.0130099 -2.3083e-09
3.10913e-09 -0.0130099 -2.19643e-09
3.54648e-09 -0.0130099 -1.91293e-09
3.90544e-09 -0.0130099 -2.02809e-09
2.9e-09 -0.0130099 -1.7725e-09
2.07522e-09 -0.0130099 -1.86358e-09
2.95863e-09 -0.0130099 -1.80268e-09
3.27379e-09 -0.0130099 -2.00793e-09
3.87281e-09 -0.0130099 -1.4063e-09
3.7469e-09 -0.0130099 -1.89267e-09
3.157e-09 -0.0130099 -1.24537e-09
3.14796e-09 -0.0130099 -1.72714e-09
3.31402e-09 -0.0130099 -1.4091e-09
3.77178e-09 -0.0130099 -1.58994e-09
4.87222e-09 -0.0130099 -6.59378e-10
2.93255e-09 -0.0126982 -4.6067e-09
1.84774e-09 -0.0126982 -4.18276e-09
2.54272e-09 -0.0126982 -4.1445e-09
3.13819e-09 -0.0126982 -3.91586e-09
2.15545e-09 -0.0126982 -3.6044e-09
2.29888e-09 -0.0126982 -4.27938e-09
2.17663e-09 -0.0126982 -4.04841e-09
2.72989e-09 -0.0126982 -3.65591e-09
2.95527e-09 -0.0126982 -3.79578e-09
3.43127e-09 -0.0126982 -3.65935e-09
1.76281e-09 -0.0126982 -4.04406e-09
2.13831e-09 -0.0126982 -3.96071e-09
2.54512e-09 -0.0126982 -3.19458e-09
3.10838e-09 -0.0126982 -3.68664e-09
2.68109e-09 -0.0126982 -3.62498e-09
1.79112e-09 -0.0126982 -3.75377e-09
2.07629e-09 -0.0126982 -3.65278e-09
2.63601e-09 -0.0126982 -3.73572e-09
2.85804e-09 -0.0126982 -3.17475e-09
3.48095e-09 -0.0126982 -3.49174e-09
9.4734e-10 -0.0126982 -3.59123e-09
2.00271e-09 -0.0126982 -4.39385e-09
2.72989e-09 -0.0126982 -2.8789e-09
2.65986e-09 -0.0126982 -3.57998e-09
4.867e-09 -0.0126982 -2.82787e-09
-2.10481e-10 -0.0119734 -6.32628e-09
3.02491e-10 -0.0119733 -6.29454e-09
1.26809e-09 -0.0119733 -6.11538e-09
2.06604e-09 -0.0119733 -5.72932e-09
2.95639e-09 -0.0119733 -6.35786e-09
1.47616e-09 -0.0119733 -6.0827e-09
6.97514e-10 -0.0119733 -5.89587e-09
1.46235e-09 -0.0119733 -5.8747e-09
2.21207e-09 -0.0119733 -5.51789e-09
1.60709e-09 -0.0119733 -5.8509e-09
5.21355e-10 -0.0119733 -6.08757e-09
1.12327e-09 -0.0119733 -5.8465e-09
1.42227e-09 -0.0119733 -5.27227e-09
1.7555e-09 -0.0119733 -5.46077e-09
2.96468e-09 -0.0119733 -5.7739e-09
-1.82583e-10 -0.0119733 -6.08461e-09
1.11437e-09 -0.0119733 -5.65334e-09
1.28025e-09 -0.0119733 -5.40092e-09
1.55717e-09 -0.0119733 -5.75941e-09
2.15657e-09 -0.0119733 -6.00533e-09
4.78328e-10 -0.0119733 -6.1376e-09
4.17758e-10 -0.0119733 -5.52931e-09
1.07885e-09 -0.0119733 -5.96963e-09
1.89012e-09 -0.0119733 -5.62699e-09
8.8811e-10 -0.0119733 -5.45373e-09
-1.18855e-09 -0.0108259 -8.42252e-09
-6.96158e-10 -0.0108259 -7.9565e-09
-2.8316e-11 -0.0108259 -8.25151e-09
1.11088e-09 -0.0108259 -7.49234e-09
1.00136e-09 -0.0108259 -7.75195e-09
-1.53207e-09 -0.0108259 -8.11213e-09
-2.53324e-10 -0.0108259 -8.22433e-09
5.85382e-10 -0.0108259 -7.72646e-09
8.06383e-10 -0.0108259 -7.78508e-09
6.7651e-10 -0.0108259 -8.04865e-09
-6.43734e-10 -0.0108259 -8.25072e-09
-4.50017e-10 -0.0108259 -8.02813e-09
7.67426e-11 -0.0108259 -7.78962e-09
4.30642e-10 -0.0108259 -7.5184e-09
8.45774e-10 -0.0108259 -7.64758e-09
-1.24363e-09 -0.0108259 -8.00588e-09
-5.53578e-10 -0.0108259 -7.68697e-09
-4.92018e-10 -0.0108259 -7.92295e-09
4.59556e-10 -0.0108259 -7.80747e-09
5.50135e-10 -0.0108259 -8.18219e-09
-1.41412e-09 -0.0108259 -8.08755e-09
-6.55649e-10 -0.0108259 -8.3847e-09
-2.46386e-10 -0.0108259 -8.35402e-09
-6.34406e-10 -0.0108259 -8.32265e-09
4.18049e-10 -0.0108259 -7.49604e-09
-2.75907e-09 -0.00925719 -9.53413e-09
-2.21729e-09 -0.00925719 -1.0275e-08
-1.15484e-09 -0.0092572 -9.59725e-09
-5.95319e-10 -0.00925719 -9.33089e-09
-2.5178e-10 -0.0092572 -9.9363e-09
-2.6877e-09 -0.00925719 -1.04863e-08
-1.93398e-09 -0.0092572 -9.88441e-09
-1.44355e-09 -0.0092572 -1.00963e-08
-9.4175e-10 -0.0092572 -1.00732e-08
-2.02658e-10 -0.0092572 -9.76813e-09
-2.2769e-09 -0.0092572 -1.02063e-08
-2.0951e-09 -0.0092572 -1.03546e-08
-1.80528e-09 -0.0092572 -1.0336e-08
-1.20402e-09 -0.00925719 -1.02287e-08
-5.78337e-11 -0.0092572 -1.0216e-08
-2.63452e-09 -0.00925719 -1.06513e-08
-2.5481e-09 -0.0092572 -1.08063e-08
-2.04495e-09 -0.00925719 -1.05828e-08
-1.56462e-09 -0.0092572 -1.03548e-08
-4.47037e-10 -0.0092572 -1.01358e-08
-2.93552e-09 -0.00925719 -1.12214e-08
-2.3365e-09 -0.00925719 -1.13179e-08
-2.36034e-09 -0.00925719 -1.07084e-08
-2.3365e-09 -0.0092572 -1.04128e-08
-2.02116e-09 -0.0092572 -1.06849e-08
-5.13792e-09 -0.00728063 -1.28551e-08
-3.64781e-09 -0.00728063 -1.19497e-08
-2.46167e-09 -0.00728063 -1.26292e-08
-2.35362e-09 -0.00728063 -1.22397e-08
-1.81198e-09 -0.00728063 -1.14337e-08
-4.74257e-09 -0.00728063 -1.21377e-08
-4.02481e-09 -0.00728063 -1.24432e-08
-3.0309e-09 -0.00728063 -1.21959e-08
-2.55555e-09 -0.00728063 -1.23873e-08
-2.16216e-09 -0.00728063 -1.24619e-08
-4.0107e-09 -0.00728063 -1.27198e-08
-3.69446e-09 -0.00728063 -1.27271e-08
-3.44962e-09 -0.00728063 -1.27744e-08
-2.74181e-09 -0.00728063 -1.27409e-08
-2.8136e-09 -0.00728063 -1.24028e-08
-4.57133e-09 -0.00728063 -1.33091e-08
-3.96424e-09 -0.00728063 -1.31404e-08
-3.71188e-09 -0.00728063 -1.29701e-08
-3.44515e-09 -0.00728063 -1.26337e-08
-2.80738e-09 -0.00728063 -1.29821e-08
-4.03523e-09 -0.00728063 -1.30739e-08
-3.92198e-09 -0.00728063 -1.34744e-08
-4.16729e-09 -0.00728063 -1.29461e-08
-3.38675e-09 -0.00728063 -1.26748e-08
-4.55497e-09 -0.00728063 -1.28135e-08
-6.1905e-09 -0.00492365 -1.50602e-08
-5.61288e-09 -0.00492365 -1.4831e-08
-4.91142e-09 -0.00492365 -1.43682e-08
-4.5321e-09 -0.00492365 -1.47347e-08
-4.62532e-09 -0.00492365 -1.55964e-08
-6.28335e-09 -0.00492365 -1.49328e-08
-5.65252e-09 -0.00492365 -1.49556e-08
-5.10761e-09 -0.00492365 -1.52562e-08
-4.64333e-09 -0.00492365 -1.47171e-08
-3.83854e-09 -0.00492365 -1.50213e-08
-6.01411e-09 -0.00492365 -1.53811e-08
-5.71012e-09 -0.00492365 -1.52412e-08
-5.22136e-09 -0.00492364 -1.50591e-08
-4.98295e-09 -0.00492365 -1.49488e-08
-4.32219e-09 -0.00492365 -1.50819e-08
-6.43854e-09 -0.00492365 -1.55741e-08
-5.69224e-09 -0.00492365 -1.53822e-08
-5.36889e-09 -0.00492365 -1.52863e-08
-5.05448e-09 -0.00492365 -1.52886e-08
-4.54578e-09 -0.00492365 -1.49771e-08
-5.8651e-09 -0.00492365 -1.54016e-08
-5.62668e-09 -0.00492364 -1.58801e-08
-5.3195e-09 -0.00492365 -1.54232e-08
-5.28093e-09 -0.00492365 -1.54199e-08
-4.43459e-09 -0.00492365 -1.53607e-08
-8.67549e-09 -0.00222876 -1.72934e-08
-8.13007e-09 -0.00222876 -1.70982e-08
-7.42078e-09 -0.00222876 -1.76445e-08
-6.90818e-09 -0.00222876 -1.73879e-08
-6.58782e-09 -0.00222875 -1.78996e-08
-7.76702e-09 -0.00222876 -1.76919e-08
-7.59917e-09 -0.00222875 -1.75402e-08
-7.236e-09 -0.00222876 -1.75729e-08
-6.79493e-09 -0.00222876 -1.7433e-08
-6.84337e-09 -0.00222876 -1.73674e-08
-8.29101e-09 -0.00222876 -1.77009e-08
-7.63088e-09 -0.00222876 -1.74668e-08
-7.23451e-09 -0.00222876 -1.7519e-08
-6.91675e-09 -0.00222876 -1.73943e-08
-6.86348e-09 -0.00222876 -1.72488e-08
-7.46928e-09 -0.00222876 -1.75912e-08
-7.48618e-09 -0.00222876 -1.75867e-08
-7.22677e-09 -0.00222875 -1.76008e-08
-6.83348e-09 -0.00222876 -1.75101e-08
-6.30655e-09 -0.00222876 -1.75335e-08
-7.58693e-09 -0.00222876 -1.74593e-08
-7.48678e-09 -0.00222876 -1.74936e-08
-7.12818e-09 -0.00222876 -1.76299e-08
-7.04996e-09 -0.00222876 -1.75243e-08
-7.08699e-09 -0.00222876 -1.72861e-08
-9.73558e-09 0.000745632 -1.96829e-08
-9.90629e-09 0.000745635 -1.99464e-08
-9.26144e-09 0.000745634 -2.00335e-08
-8.33869e-09 0.000745635 -2.00138e-08
-9.41754e-09 0.00074563 -1.95291e-08
-1.0306e-08 0.00074563 -2.00402e-08
-9.55788e-09 0.000745635 -2.00435e-08
-9.25064e-09 0.000745634 -2.00567e-08
-8.84831e-09 0.00074563 -1.99121e-08
-8.57711e-09 0.000745634 -1.99417e-08
-9.59039e-09 0.00074563 -1.99948e-08
-9.63062e-09 0.000745634 -2.00579e-08
-9.10989e-09 0.000745634 -1.99447e-08
-8.94588e-09 0.000745631 -1.98836e-08
-8.37632e-09 0.000745631 -1.99729e-08
-9.69992e-09 0.000745629 -2.00061e-08
-9.39667e-09 0.000745633 -1.9877e-08
-9.24542e-09 0.000745631 -1.99901e-08
-8.85557e-09 0.00074563 -1.96613e-08
-8.63075e-09 0.00074563 -1.94628e-08
-9.71332e-09 0.000745624 -1.95779e-08
-9.19812e-09 0.000745628 -2.00503e-08
-9.15602e-09 0.000745628 -1.96684e-08
-8.87588e-09 0.000745628 -1.9676e-08
-8.72612e-09 0.000745627 -1.96901e-08
-1.19269e-08 0.00392523 -2.17761e-08
-1.13524e-08 0.00392522 -2.18555e-08
-1.10641e-08 0.00392522 -2.16925e-08
-1.09693e-08 0.00392522 -2.20639e-08
-1.00919e-08 0.00392522 -2.2088e-08
-1.19308e-08 0.00392522 -2.20835e-08
-1.13555e-08 0.00392522 -2.19049e-08
-1.09979e-08 0.00392522 -2.20314e-08
-1.06299e-08 0.00392522 -2.19321e-08
-1.02858e-08 0.00392522 -2.18358e-08
-1.1806e-08 0.00392522 -2.18349e-08
-1.13304e-08 0.00392522 -2.20681e-08
-1.0982e-08 0.00392522 -2.20347e-08
-1.05753e-08 0.00392522 -2.20766e-08
-1.02805e-08 0.00392522 -2.17892e-08
-1.14501e-08 0.00392521 -2.17499e-08
-1.13044e-08 0.00392522 -2.18094e-08
-1.09347e-08 0.00392522 -2.17644e-08
-1.05557e-08 0.00392521 -2.16643e-08
-1.02432e-08 0.00392522 -2.15724e-08
-1.11783e-08 0.00392521 -2.17766e-08
-1.11115e-08 0.00392521 -2.17161e-08
-1.08864e-08 0.00392521 -2.16475e-08
-1.06167e-08 0.00392521 -2.17363e-08
-1.02043e-08 0.00392521 -2.16429e-08
-1.35286e-08 0.00722076 -2.30253e-08
-1.3113e-08 0.00722076 -2.34941e-08
-1.27711e-08 0.00722076 -2.32769e-08
-1.25766e-08 0.00722076 -2.31498e-08
-1.20163e-08 0.00722076 -2.32003e-08
-1.35303e-08 0.00722076 -2.32712e-08
-1.30275e-08 0.00722076 -2.341e-08
-1.28494e-08 0.00722076 -2.35789e-08
-1.2511e-08 0.00722076 -2.31131e-08
-1.17511e-08 0.00722076 -2.31935e-08
-1.34505e-08 0.00722075 -2.3295e-08
-1.31503e-08 0.00722076 -2.31403e-08
-1.26988e-08 0.00722076 -2.32064e-08
-1.22659e-08 0.00722076 -2.31853e-08
-1.18361e-08 0.00722075 -2.32935e-08
-1.32322e-08 0.00722076 -2.33406e-08
-1.31056e-08 0.00722076 -2.31687e-08
-1.27631e-08 0.00722075 -2.30657e-08
-1.21725e-08 0.00722075 -2.30333e-08
-1.16855e-08 0.00722075 -2.29119e-08
-1.29431e-08 0.00722076 -2.28211e-08
-1.30579e-08 0.00722076 -2.35592e-08
-1.25613e-08 0.00722075 -2.32149e-08
-1.20685e-08 0.00722075 -2.30199e-08
-1.18017e-08 0.00722076 -2.27109e-08
-1.45912e-08 0.0105303 -2.32816e-08
-1.46151e-08 0.0105303 -2.41382e-08
-1.42574e-08 0.0105303 -2.36951e-08
-1.43468e-08 0.0105303 -2.38181e-08
-1.34678e-08 0.0105303 -2.35452e-08
-1.47393e-08 0.0105303 -2.38583e-08
-1.44597e-08 0.0105303 -2.34969e-08
-1.43766e-08 0.0105303 -2.39119e-08
-1.43394e-08 0.0105303 -2.38247e-08
-1.32773e-08 0.0105303 -2.34474e-08
-1.52631e-08 0.0105303 -2.34643e-08
-1.45137e-08 0.0105303 -2.36928e-08
-1.4472e-08 0.0105303 -2.39447e-08
-1.41278e-08 0.0105303 -2.36442e-08
-1.33277e-08 0.0105303 -2.35241e-08
-1.48329e-08 0.0105303 -2.37518e-08
-1.47412e-08 0.0105303 -2.40035e-08
-1.42813e-08 0.0105303 -2.37718e-08
-1.36346e-08 0.0105303 -2.34429e-08
-1.36435e-08 0.0105303 -2.33147e-08
-1.46609e-08 0.0105303 -2.40624e-08
-1.45674e-08 0.0105303 -2.40089e-08
-1.41385e-08 0.0105303 -2.31558e-08
-1.38485e-08 0.0105303 -2.37881e-08
-1.34069e-08 0.0105303 -2.31028e-08
-1.64016e-08 0.013743 -2.36302e-08
-1.56071e-08 0.013743 -2.32983e-08
-1.5544e-08 0.013743 -2.36435e-08
-1.62244e-08 0.013743 -2.30052e-08
-1.52535e-08 0.0137431 -2.32762e-08
-1.53303e-08 0.013743 -2.28956e-08
-1.59804e-08 0.013743 -2.39181e-08
-1.58548e-08 0.013743 -2.34405e-08
-1.59502e-08 0.013743 -2.3115e-08
-1.51753e-08 0.013743 -2.32842e-08
-1.61618e-08 0.013743 -2.29223e-08
-1.6084e-08 0.013743 -2.32989e-08
-1.5541e-08 0.013743 -2.35071e-08
-1.54257e-08 0.013743 -2.29776e-08
-1.55777e-08 0.013743 -2.29591e-08
-1.57833e-08 0.013743 -2.35383e-08
-1.60336e-08 0.013743 -2.31729e-08
-1.56384e-08 0.013743 -2.34117e-08
-1.57237e-08 0.013743 -2.34925e-08
-1.51157e-08 0.013743 -2.28769e-08
-1.62079e-08 0.013743 -2.30216e-08
-1.58385e-08 0.013743 -2.31411e-08
-1.629e-08 0.013743 -2.29437e-08
-1.50146e-08 0.013743 -2.27058e-08
-1.54063e-08 0.013743 -2.37406e-08
-1.64117e-08 0.0167451 -2.17725e-08
-1.63317e-08 0.0167451 -2.24431e-08
-1.72493e-08 0.0167451 -2.15021e-08
-1.71781e-08 0.0167451 -2.21674e-08
-1.701e-08 0.0167451 -2.18272e-08
-1.733e-08 0.0167451 -2.19579e-08
-1.66506e-08 0.0167451 -2.20441e-08
-1.68562e-08 0.0167451 -2.19636e-08
-1.71825e-08 0.0167451 -2.18162e-08
-1.69754e-08 0.0167451 -2.17143e-08
-1.74911e-08 0.0167451 -2.23468e-08
-1.67325e-08 0.0167451 -2.16167e-08
-1.66416e-08 0.0167451 -2.1733e-08
-1.70017e-08 0.0167451 -2.14329e-08
-1.70708e-08 0.0167451 -2.17975e-08
-1.67131e-08 0.0167451 -2.13444e-08
-1.7006e-08 0.0167451 -2.17511e-08
-1.68105e-08 0.0167451 -2.16621e-08
-1.70193e-08 0.0167451 -2.17726e-08
-1.73492e-08 0.0167451 -2.18063e-08
-1.69218e-08 0.0167451 -2.20484e-08
-1.64646e-08 0.0167451 -2.1848e-08
-1.6899e-08 0.0167451 -2.20865e-08
-1.7336e-08 0.0167451 -2.13964e-08
-1.66416e-08 0.0167451 -2.13106e-08
-1.69754e-08 0.0194272 -1.88902e-08
-1.68642e-08 0.0194272 -1.92715e-08
-1.78254e-08 0.0194272 -1.95652e-08
-1.85698e-08 0.0194272 -1.98668e-08
-1.85877e-08 0.0194272 -1.89126e-08
-1.67132e-08 0.0194272 -1.94455e-08
-1.74001e-08 0.0194272 -1.94452e-08
-1.74999e-08 0.0194272 -1.93769e-08
-1.80364e-08 0.0194272 -1.96033e-08
-1.89781e-08 0.0194272 -1.92203e-08
-1.6883e-08 0.0194272 -1.9666e-08
-1.70171e-08 0.0194272 -1.93291e-08
-1.7643e-08 0.0194272 -1.93953e-08
-1.8096e-08 0.0194272 -1.93015e-08
-1.8698e-08 0.0194272 -1.98007e-08
-1.72973e-08 0.0194272 -1.89289e-08
-1.72734e-08 0.0194272 -1.91825e-08
-1.77721e-08 0.0194272 -1.8941e-08
-1.81936e-08 0.0194272 -1.89508e-08
-1.88827e-08 0.0194272 -1.86376e-08
-1.5688e-08 0.0194272 -1.91025e-08
-1.70596e-08 0.0194272 -1.90296e-08
-1.77904e-08 0.0194272 -1.9002e-08
-1.86966e-08 0.0194272 -1.89897e-08
-1.94847e-08 0.0194272 -1.76566e-08
-1.71694e-08 0.021695 -1.54699e-08
-1.74165e-08 0.021695 -1.52912e-08
-1.75051e-08 0.021695 -1.56827e-08
-1.88641e-08 0.021695 -1.58614e-08
-1.98842e-08 0.021695 -1.57754e-08
-1.6078e-08 0.021695 -1.58528e-08
-1.70742e-08 0.021695 -1.60506e-08
-1.82917e-08 0.021695 -1.62747e-08
-1.8841e-08 0.021695 -1.58948e-08
-2.03148e-08 0.021695 -1.63225e-08
-1.65356e-08 0.021695 -1.5755e-08
-1.76478e-08 0.021695 -1.62001e-08
-1.8066e-08 0.021695 -1.59735e-08
-1.8991e-08 0.021695 -1.60839e-08
-1.9875e-08 0.021695 -1.52575e-08
-1.58945e-08 0.021695 -1.57728e-08
-1.75171e-08 0.021695 -1.58775e-08
-1.84519e-08 0.021695 -1.55814e-08
-1.91606e-08 0.021695 -1.50222e-08
-2.02604e-08 0.021695 -1.53433e-08
-1.62361e-08 0.021695 -1.6012e-08
-1.75655e-08 0.021695 -1.57281e-08
-1.84018e-08 0.021695 -1.57661e-08
-1.89573e-08 0.021695 -1.53057e-08
-1.86147e-08 0.021695 -1.56736e-08
-1.61866e-08 0.023481 -1.13189e-08
-1.70648e-08 0.023481 -1.08271e-08
-1.82077e-08 0.023481 -1.14608e-08
-1.92158e-08 0.023481 -1.09409e-08
-2.03489e-08 0.023481 -1.22908e-08
-1.69249e-08 0.023481 -1.08673e-08
-1.71064e-08 0.023481 -1.11607e-08
-1.79645e-08 0.023481 -1.12643e-08
-1.93678e-08 0.023481 -1.17267e-08
-1.95382e-08 0.023481 -1.11495e-08
-1.54071e-08 0.023481 -1.07198e-08
-1.73002e-08 0.023481 -1.10053e-08
-1.81228e-08 0.023481 -1.13132e-08
-1.93415e-08 0.023481 -1.07067e-08
-2.07307e-08 0.023481 -1.09286e-08
-1.60107e-08 0.023481 -1.11534e-08
-1.70689e-08 0.023481 -1.08205e-08
-1.80658e-08 0.023481 -1.09446e-08
-1.91108e-08 0.023481 -1.06004e-08
-2.0176e-08 0.023481 -1.0342e-08
-1.51532e-08 0.023481 -1.09554e-08
-1.75476e-08 0.023481 -1.08331e-08
-1.77622e-08 0.023481 -1.07983e-08
-1.87703e-08 0.023481 -1.05037e-08
-2.12728e-08 0.023481 -9.58541e-09
-1.36904e-08 0.0247589 -4.83547e-09
-1.60338e-08 0.0247589 -4.5508e-09
-1.8813e-08 0.0247589 -5.68744e-09
-1.93121e-08 0.0247589 -5.86558e-09
-1.86047e-08 0.0247589 -5.14849e-09
-1.47186e-08 0.0247589 -4.72882e-09
-1.64883e-08 0.0247589 -5.0511e-09
-1.81926e-08 0.0247589 -5.29455e-09
-1.95465e-08 0.0247589 -5.33746e-09
-2.02663e-08 0.0247589 -5.33035e-09
-1.55935e-08 0.0247589 -4.66465e-09
-1.66895e-08 0.0247589 -4.77499e-09
-1.79052e-08 0.0247589 -5.1487e-09
-1.90256e-08 0.0247589 -5.06345e-09
-2.05613e-08 0.0247589 -4.73944e-09
-1.51806e-08 0.0247589 -4.70131e-09
-1.60962e-08 0.0247589 -4.77982e-09
-1.79508e-08 0.0247589 -4.4031e-09
-1.93274e-08 0.0247589 -4.68072e-09
-2.10352e-08 0.0247589 -3.56337e-09
-1.48767e-08 0.0247589 -4.62278e-09
-1.71186e-08 0.0247589 -5.28619e-09
-1.68928e-08 0.0247589 -4.10364e-09
-1.85907e-08 0.0247589 -3.70323e-09
-1.95509e-08 0.0247589 -2.73179e-09
-1.30237e-08 0.0255583 2.65087e-09
-1.46516e-08 0.0255583 2.54083e-09
-1.66241e-08 0.0255583 2.38568e-09
-1.87044e-08 0.0255583 2.93077e-09
-1.99419e-08 0.0255583 2.99955e-09
-1.3414e-08 0.0255583 2.88025e-09
-1.52997e-08 0.0255583 2.37791e-09
-1.71186e-08 0.0255583 2.45489e-09
-1.86895e-08 0.0255583 2.37837e-09
-1.93627e-08 0.0255583 2.76398e-09
-1.33675e-08 0.0255583 2.38599e-09
-1.56381e-08 0.0255583 2.67239e-09
-1.72368e-08 0.0255583 2.29035e-09
-1.87584e-08 0.0255583 2.43114e-09
-1.9511e-08 0.0255583 2.69008e-09
-1.37475e-08 0.0255583 2.90406e-09
-1.53968e-08 0.0255583 2.66071e-09
-1.74036e-08 0.0255583 2.36919e-09
-1.88372e-08 0.0255583 2.28087e-09
-2.03552e-08 0.0255583 2.52138e-09
-1.56499e-08 0.0255583 3.22728e-09
-1.53132e-08 0.0255583 2.97271e-09
-1.76789e-08 0.0255583 2.4234e-09
-1.89507e-08 0.0255583 3.06368e-09
-2.16182e-08 0.0255583 3.57134e-09
-1.09628e-08 0.0259794 1.01696e-08
-1.43554e-08 0.0259794 1.067e-08
-1.58304e-08 0.0259794 1.07267e-08
-1.81001e-08 0.0259794 1.11993e-08
-1.88905e-08 0.0259794 1.15611e-08
-1.17048e-08 0.0259794 1.09563e-08
-1.39366e-08 0.0259794 1.0309e-08
-1.60996e-08 0.0259794 1.05866e-08
-1.75272e-08 0.0259794 1.0864e-08
-1.93046e-08 0.0259794 1.09456e-08
-1.21508e-08 0.0259794 1.0879e-08
-1.42689e-08 0.0259794 1.02957e-08
-1.62493e-08 0.0259794 1.03319e-08
-1.79021e-08 0.0259794 9.43516e-09
-1.90298e-08 0.0259794 1.09798e-08
-1.22137e-08 0.0259794 1.08871e-08
-1.42009e-08 0.0259794 1.03772e-08
-1.63e-08 0.0259794 9.97794e-09
-1.81209e-08 0.0259794 9.99965e-09
-2.01449e-08 0.0259794 9.40784e-09
-1.23892e-08 0.0259794 1.02532e-08
-1.45939e-08 0.0259794 1.04254e-08
-1.64829e-08 0.0259794 9.62906e-09
-1.83518e-08 0.0259794 8.91954e-09
-2.07045e-08 0.0259794 9.67017e-09
-1.01834e-08 0.0262037 1.90308e-08
-1.21498e-08 0.0262037 2.013e-08
-1.37158e-08 0.0262037 1.98313e-08
-1.66125e-08 0.0262037 2.02794e-08
-1.82815e-08 0.0262037 1.97573e-08
-1.09464e-08 0.0262037 1.88253e-08
-1.22353e-08 0.0262037 1.89422e-08
-1.4498e-08 0.0262037 1.89444e-08
-1.71246e-08 0.0262037 1.92656e-08
-1.83664e-08 0.0262037 2.01339e-08
-1.00871e-08 0.0262037 1.9103e-08
-1.22987e-08 0.0262037 1.88171e-08
-1.48935e-08 0.0262037 1.84174e-08
-1.75832e-08 0.0262037 1.89434e-08
-1.87741e-08 0.0262037 1.86422e-08
-1.04797e-08 0.0262037 1.83484e-08
-1.34865e-08 0.0262037 1.87513e-08
-1.49732e-08 0.0262037 1.71604e-08
-1.73778e-08 0.0262037 1.81104e-08
-1.92439e-08 0.0262037 1.87493e-08
-9.56869e-09 0.0262037 1.8611e-08
-1.27217e-08 0.0262037 1.85502e-08
-1.50708e-08 0.0262037 1.83915e-08
-1.72424e-08 0.0262037 1.82244e-08
-1.95722e-08 0.0262037 1.81477e-08
-9.25364e-09 0.0264987 2.85115e-08
-1.10281e-08 0.0264987 2.83644e-08
-1.27565e-08 0.0264987 2.89395e-08
-1.714e-08 0.0264987 2.72465e-08
-1.76173e-08 0.0264987 2.85159e-08
-8.20853e-09 0.0264987 2.87856e-08
-1.04831e-08 0.0264987 2.75431e-08
-1.30842e-08 0.0264987 2.73362e-08
-1.71314e-08 0.0264987 2.78878e-08
-1.99451e-08 0.0264987 2.78858e-08
-8.65964e-09 0.0264987 2.63527e-08
-1.0979e-08 0.0264987 2.77529e-08
-1.39934e-08 0.0264987 2.73659e-08
-1.59778e-08 0.0264987 2.73546e-08
-1.85817e-08 0.0264987 2.74946e-08
-6.76418e-09 0.0264987 2.7209e-08
-1.13932e-08 0.0264987 2.60899e-08
-1.36541e-08 0.0264987 2.61077e-08
-1.6322e-08 0.0264987 2.65665e-08
-1.89806e-08 0.0264987 2.68374e-08
-8.64272e-09 0.0264987 2.75438e-08
-1.0755e-08 0.0264987 2.68701e-08
-1.37584e-08 0.0264987 2.76236e-08
-1.65635e-08 0.0264987 2.54284e-08
-1.88739e-08 0.0264987 2.86794e-08
-5.25542e-09 0.0272086 3.6681e-08
-8.14537e-09 0.0272086 3.57155e-08
-1.2743e-08 0.0272086 3.48932e-08
-1.61652e-08 0.0272086 3.47519e-08
-1.54317e-08 0.0272086 3.48853e-08
-7.98529e-09 0.0272086 3.5547e-08
-8.22201e-09 0.0272086 3.52018e-08
-1.24096e-08 0.0272086 3.48632e-08
-1.56302e-08 0.0272086 3.42234e-08
-1.76056e-08 0.0272086 3.5199e-08
-5.84242e-09 0.0272086 3.56833e-08
-8.87353e-09 0.0272086 3.52765e-08
-1.11756e-08 0.0272086 3.51996e-08
-1.51726e-08 0.0272086 3.52587e-08
-1.88424e-08 0.0272086 3.47183e-08
-5.85569e-09 0.0272086 3.39907e-08
-9.79855e-09 0.0272086 3.48634e-08
-1.15135e-08 0.0272086 3.51385e-08
-1.40439e-08 0.0272086 3.42564e-08
-1.75767e-08 0.0272086 3.45433e-08
-4.2832e-09 0.0272086 3.48543e-08
-9.95142e-09 0.0272086 3.48747e-08
-1.24126e-08 0.0272086 3.32128e-08
-1.41293e-08 0.0272086 3.50517e-08
-1.95938e-08 0.0272086 3.45817e-08
-5.02256e-09 0.0287239 4.30008e-08
-6.4266e-09 0.0287239 4.06233e-08
-1.05756e-08 0.0287239 4.08873e-08
-1.40539e-08 0.0287239 4.05097e-08
-1.63861e-08 0.0287239 4.21541e-08
-4.82643e-09 0.0287239 4.13133e-08
-6.82453e-09 0.0287239 4.14308e-08
-1.04273e-08 0.0287239 4.08505e-08
-1.31285e-08 0.0287239 4.05818e-08
-1.88372e-08 0.0287239 4.14988e-08
-2.81831e-09 0.0287239 4.22884e-08
-6.43193e-09 0.0287239 4.1444e-08
-9.75701e-09 0.0287239 4.09126e-08
-1.30908e-08 0.0287239 4.11744e-08
-1.81425e-08 0.0287239 4.06813e-08
-5.13482e-09 0.0287239 4.09796e-08
-7.01128e-09 0.0287239 4.23825e-08
-9.56295e-09 0.0287239 4.12879e-08
-1.3414e-08 0.0287239 4.09365e-08
-1.55691e-08 0.0287239 4.00719e-08
-3.91947e-09 0.0287239 4.06531e-08
-6.59326e-09 0.0287239 4.13546e-08
-8.97038e-09 0.0287239 4.09187e-08
-1.08273e-08 0.028724 4.18348e-08
-1.61379e-08 0.0287239 3.804e-08
-2.55133e-09 0.0314176 4.09205e-08
-7.23767e-09 0.0314176 4.24905e-08
-9.15019e-09 0.0314176 4.03583e-08
-1.28597e-08 0.0314176 4.28367e-08
-1.82111e-08 0.0314176 4.21332e-08
-2.93989e-09 0.0314176 4.3588e-08
-5.24938e-09 0.0314176 4.23632e-08
-8.80567e-09 0.0314176 4.43938e-08
-1.27272e-08 0.0314176 4.21757e-08
-1.8304e-08 0.0314176 4.2752e-08
8.09735e-11 0.0314176 4.53778e-08
-4.92256e-09 0.0314176 4.41985e-08
-8.0524e-09 0.0314176 4.31115e-08
-1.26088e-08 0.0314176 4.37751e-08
-1.55541e-08 0.0314176 4.45746e-08
-2.05175e-09 0.0314176 4.59475e-08
-4.65072e-09 0.0314176 4.37074e-08
-8.48857e-09 0.0314176 4.4521e-08
-1.17704e-08 0.0314176 4.4139e-08
-1.41793e-08 0.0314176 4.4908e-08
-5.81202e-09 0.0314176 4.31589e-08
-5.15299e-09 0.0314176 4.47175e-08
-7.97294e-09 0.0314176 4.53094e-08
-1.29775e-08 0.0314176 4.52724e-08
-1.04877e-08 0.0314176 4.3198e-08
-5.09125e-09 0.0355302 4.01587e-08
-4.37479e-09 0.0355302 3.73822e-08
-8.08764e-09 0.0355302 4.09984e-08
-1.20283e-08 0.0355302 3.70156e-08
-1.17591e-08 0.0355302 3.92752e-08
-3.54586e-09 0.0355302 3.86624e-08
-3.78632e-09 0.0355302 4.27662e-08
-7.36219e-09 0.0355302 4.09508e-08
-1.51414e-08 0.0355302 4.27299e-08
-1.3473e-08 0.0355302 3.81915e-08
1.55274e-09 0.0355302 4.14316e-08
-3.79926e-09 0.0355302 4.0743e-08
-7.1893e-09 0.0355303 4.1641e-08
-1.13851e-08 0.0355303 4.21224e-08
-1.477e-08 0.0355302 4.33801e-08
8.59625e-10 0.0355302 4.48084e-08
-4.74442e-09 0.0355302 4.30668e-08
-6.96678e-09 0.0355303 4.2392e-08
-1.03747e-08 0.0355303 4.72292e-08
-1.21617e-08 0.0355303 4.93284e-08
1.71084e-09 0.0355302 4.75648e-08
-4.14276e-09 0.0355303 3.90309e-08
-5.73982e-09 0.0355302 4.78224e-08
-1.00464e-08 0.0355303 4.80547e-08
-9.83244e-09 0.0355302 5.17198e-08
1.72369e-09 0.0409819 2.97066e-08
-2.04314e-09 0.0409818 3.63938e-08
-1.21324e-08 0.0409819 3.24256e-08
-1.80178e-08 0.0409819 2.54727e-08
-1.16005e-08 0.040982 4.41578e-08
3.87189e-10 0.0409818 3.43453e-08
-2.42204e-09 0.0409818 3.20566e-08
-9.45066e-09 0.0409819 3.52984e-08
-1.44892e-08 0.0409819 3.27437e-08
-1.44697e-08 0.0409819 3.57314e-08
6.44001e-09 0.0409818 3.69749e-08
-3.80451e-09 0.0409819 3.78529e-08
-5.0188e-09 0.0409819 3.98293e-08
-1.18129e-08 0.040982 3.90316e-08
-1.79316e-08 0.0409819 3.67462e-08
2.30568e-09 0.0409819 3.87316e-08
-4.96547e-09 0.0409819 3.89378e-08
-3.70756e-09 0.0409819 4.19061e-08
-7.08931e-09 0.040982 4.47577e-08
-2.08287e-08 0.040982 5.17287e-08
3.66786e-09 0.040982 3.59957e-08
-2.2071e-09 0.0409819 3.69951e-08
-2.12935e-09 0.0409819 4.17081e-08
-6.70278e-09 0.040982 5.01535e-08
-9.48087e-09 0.040982 5.27993e-08
2.30176e-09 0.0470786 4.87136e-08
6.78665e-09 0.0470786 -3.4014e-09
-7.70234e-09 0.0470787 -2.41683e-08
-2.27319e-08 0.047079 6.78229e-08
-2.13346e-08 0.0470788 -4.30236e-09
-1.63993e-10 0.0470786 -1.71089e-08
6.45719e-09 0.0470788 2.99874e-08
-4.34449e-09 0.0470788 1.06111e-08
-1.35336e-08 0.0470789 4.01739e-08
-1.06166e-08 0.0470789 6.48674e-09
1.96525e-09 0.0470786 3.3413e-08
-4.7946e-10 0.0470787 4.64907e-08
-1.00516e-08 0.0470789 2.66426e-08
-5.59292e-09 0.0470788 3.58594e-08
-1.55465e-08 0.0470789 3.62391e-08
-6.00556e-09 0.0470786 3.02187e-08
-3.5956e-09 0.0470789 3.06676e-08
3.49845e-09 0.0470789 2.40901e-08
6.96789e-09 0.0470788 5.95896e-08
-1.41578e-08 0.0470789 2.66818e-08
-2.40704e-08 0.0470786 3.75606e-08
-9.31803e-09 0.0470787 2.94544e-08
1.30513e-08 0.0470788 4.13627e-08
4.20405e-09 0.0470789 4.23908e-08
-3.13187e-08 0.047079 7.23849e-08
1.74696e-08 0.052072 -7.41002e-08
1.79983e-08 0.052072 9.82368e-09
1.05643e-08 0.0520724 -2.36759e-08
2.3399e-09 0.0520716 -3.74081e-09
-5.51233e-08 0.0520726 -6.54845e-08
3.5159e-08 0.0520718 5.50961e-09
1.13527e-08 0.0520718 -6.6911e-09
2.20393e-09 0.0520722 2.43535e-08
2.84768e-09 0.0520725 1.65608e-09
-3.371e-08 0.0520724 6.52904e-10
1.20221e-08 0.0520718 2.32739e-08
1.54532e-09 0.0520718 7.91705e-09
7.26953e-09 0.0520723 7.04106e-09
-6.93223e-09 0.0520725 2.90668e-08
4.46409e-08 0.0520726 2.42367e-08
3.02981e-08 0.0520718 4.06389e-08
8.20175e-09 0.0520723 2.72229e-08
1.14814e-08 0.0520722 4.11313e-08
-1.11977e-08 0.0520729 2.38126e-08
-3.70407e-08 0.0520723 4.97042e-08
-9.06578e-08 0.0520718 -4.2503e-09
-5.19441e-09 0.0520717 2.40134e-08
2.24746e-08 0.0520725 2.24613e-08
-8.80818e-09 0.0520725 8.13855e-08
2.94903e-08 0.0520724 3.87636e-08
-8.00232e-08 0.0525131 7.88017e-09
3.27191e-09 0.0525134 -2.07835e-08
-3.5266e-08 0.0525134 3.10825e-08
-1.78605e-08 0.0525141 -1.58066e-08
4.99085e-10 0.0525131 1.24243e-08
-4.26007e-09 0.0525129 -9.14014e-09
-7.87472e-09 0.0525136 7.5168e-09
7.34065e-09 0.0525134 -5.03832e-09
1.15523e-08 0.0525136 -6.81199e-09
1.57729e-08 0.0525136 -5.12034e-09
-2.86933e-08 0.0525129 6.16794e-09
9.21303e-09 0.0525129 -7.69205e-09
7.59331e-09 0.0525134 1.34807e-09
6.59e-09 0.0525136 4.72617e-09
3.60114e-09 0.0525134 6.68015e-09
-2.72248e-08 0.0525129 4.94167e-09
7.53414e-09 0.0525131 1.48502e-08
4.0589e-09 0.0525136 9.41711e-09
1.51215e-08 0.0525136 1.7614e-08
-1.93732e-08 0.0525138 3.02606e-08
3.92546e-08 0.0525124 5.15508e-08
4.34708e-08 0.0525131 3.6393e-08
1.30674e-08 0.0525134 -2.80967e-08
-2.49997e-09 0.0525141 2.57454e-08
-2.33092e-08 0.0525136 2.00568e-08
0 0.05 0
0 0.05 0
0 0.05 0
0 0.05 0
0 0.05 0
0 0.05 0
0 0.05 0
0 0.05 0
0 0.05 0
0 0.05 0
0 0.05 0
0 0.05 0
0 0.05 0
0 0.05 0
0 0.05 0
0 0.05 0
0 0.05 0
0 0.05 0
0 0.05 0
0 0.05 0
0 0.05 0
0 0.05 0
0 0.05 0
0 0.05 0
0 0.05 0
