0 0 0
0 0 0
0 0 0
0 0 0
0 0 0
0 0 0
0 0 0
0 0 0
0 0 0
0 0 0
0 0 0
0 0 0
0 0 0
0 0 0
0 0 0
0 0 0
0 0 0
0 0 0
0 0 0
0 0 0
0 0 0
0 0 0
0 0 0
0 0 0
0 0 0
-4.05312e-10 0.0028097 -1.80699e-09
-1.45286e-10 0.0028097 -2.03774e-09
9.76027e-11 0.0028097 -1.98223e-09
3.26338e-10 0.0028097 -2.04425e-09
8.17822e-10 0.0028097 -2.0598e-09
-5.09017e-10 0.0028097 -2.00197e-09
-1.41283e-10 0.0028097 -2.01315e-09
8.25375e-11 0.0028097 -1.99611e-09
3.52283e-10 0.0028097 -1.97299e-09
8.42752e-10 0.0028097 -2.07459e-09
-4.86757e-10 0.0028097 -1.99602e-09
-1.75457e-10 0.0028097 -2.04193e-09
8.32134e-11 0.0028097 -1.93939e-09
4.22523e-10 0.0028097 -1.96842e-09
7.11532e-10 0.0028097 -1.95498e-09
-3.45334e-10 0.0028097 -1.9562e-09
-6.55656e-11 0.0028097 -1.94311e-09
1.70417e-10 0.0028097 -1.87582e-09
3.71769e-10 0.0028097 -1.91531e-09
5.99958e-10 0.0028097 -1.76926e-09
-2.30576e-10 0.00280971 -2.12298e-09
-5.68225e-11 0.00280971 -1.90116e-09
-3.70726e-12 0.00280971 -1.87766e-09
3.53809e-10 0.00280971 -1.79099e-09
6.45489e-10 0.0028097 -2.00271e-09
-6.38959e-10 0.00556619 -3.92534e-09
-1.02822e-10 0.00556619 -4.31706e-09
3.28381e-10 0.00556619 -4.0248e-09
6.66083e-10 0.00556619 -4.0153e-09
8.01308e-10 0.00556619 -4.03047e-09
-5.03663e-10 0.00556619 -4.10751e-09
-6.32858e-11 0.00556619 -3.96488e-09
1.22072e-10 0.00556619 -3.95587e-09
6.25478e-10 0.00556619 -3.93361e-09
1.26288e-09 0.00556619 -3.92776e-09
-6.61609e-10 0.00556619 -3.99183e-09
-5.77409e-11 0.00556619 -3.93907e-09
2.53621e-10 0.00556619 -3.97264e-09
5.26756e-10 0.00556619 -3.7999e-09
1.11163e-09 0.00556619 -3.74047e-09
-1.68388e-10 0.00556619 -3.90261e-09
-1.03383e-10 0.00556619 -3.96129e-09
2.95779e-10 0.00556619 -3.86165e-09
6.41493e-10 0.00556619 -3.82872e-09
7.75232e-10 0.00556619 -3.85095e-09
-3.60608e-10 0.00556619 -3.76123e-09
-1.3325e-10 0.00556619 -3.85418e-09
2.82584e-10 0.00556619 -3.69495e-09
5.35696e-10 0.00556619 -3.97047e-09
5.57764e-10 0.00556619 -3.79851e-09
-6.13651e-10 0.00821804 -5.76414e-09
2.38424e-10 0.00821804 -5.69539e-09
4.60068e-10 0.00821804 -5.3841e-09
7.36119e-10 0.00821804 -5.05709e-09
1.33515e-09 0.00821804 -5.48809e-09
-6.53063e-10 0.00821804 -5.69003e-09
1.26444e-10 0.00821804 -5.59242e-09
5.65296e-10 0.00821804 -5.45547e-09
7.83581e-10 0.00821804 -5.32848e-09
1.3914e-09 0.00821804 -5.38649e-09
-2.03868e-10 0.00821804 -5.61403e-09
1.37835e-10 0.00821804 -5.49669e-09
5.32713e-10 0.00821804 -5.45705e-09
9.71463e-10 0.00821804 -5.42676e-09
1.30572e-09 0.00821804 -5.58239e-09
-2.45512e-10 0.00821804 -5.48297e-09
3.0977e-11 0.00821804 -5.72091e-09
4.87404e-10 0.00821804 -5.35372e-09
1.00019e-09 0.00821804 -5.37045e-09
1.37855e-09 0.00821804 -5.37523e-09
-4.39767e-10 0.00821804 -5.7101e-09
-1.48383e-10 0.00821804 -5.38156e-09
5.66651e-10 0.00821804 -5.51011e-09
9.11319e-10 0.00821804 -5.11186e-09
1.17161e-09 0.00821804 -5.29513e-09
1.69642e-11 0.0107175 -6.70626e-09
6.55755e-10 0.0107175 -6.20429e-09
6.09274e-10 0.0107175 -6.41328e-09
8.32511e-10 0.0107175 -6.3724e-09
1.83583e-09 0.0107175 -6.37618e-09
-1.8843e-10 0.0107175 -6.58713e-09
3.87842e-10 0.0107175 -6.85247e-09
8.29627e-10 0.0107175 -6.43703e-09
1.04615e-09 0.0107175 -6.62963e-09
1.61305e-09 0.0107175 -6.25484e-09
1.86017e-10 0.0107175 -6.47698e-09
3.90965e-10 0.0107175 -6.83642e-09
7.45061e-10 0.0107175 -6.63253e-09
1.09224e-09 0.0107175 -6.58636e-09
1.75238e-09 0.0107175 -6.60187e-09
-1.39815e-10 0.0107175 -6.79269e-09
2.12617e-10 0.0107175 -6.73466e-09
8.42208e-10 0.0107175 -6.73693e-09
1.37646e-09 0.0107175 -6.4859e-09
1.47218e-09 0.0107175 -6.57749e-09
-2.37287e-10 0.0107175 -6.89478e-09
2.09877e-10 0.0107175 -6.63036e-09
8.43028e-10 0.0107175 -6.41802e-09
1.74875e-09 0.0107175 -6.63214e-09
1.57879e-09 0.0107175 -6.29049e-09
7.43778e-10 0.0130222 -6.63549e-09
1.13011e-09 0.0130222 -6.86268e-09
1.15263e-09 0.0130222 -7.24116e-09
1.13546e-09 0.0130222 -7.25254e-09
9.59726e-10 0.0130222 -6.67427e-09
6.62838e-10 0.0130222 -6.93014e-09
1.10186e-09 0.0130222 -6.88785e-09
1.2876e-09 0.0130222 -7.18134e-09
1.49375e-09 0.0130222 -7.01612e-09
1.79683e-09 0.0130222 -6.91096e-09
7.07256e-10 0.0130222 -7.47309e-09
9.00036e-10 0.0130222 -7.10749e-09
1.1541e-09 0.0130222 -7.30445e-09
1.36643e-09 0.0130222 -7.03068e-09
2.12873e-09 0.0130222 -6.6638e-09
5.93056e-10 0.0130222 -7.17947e-09
8.65766e-10 0.0130222 -7.07264e-09
1.41191e-09 0.0130222 -6.84259e-09
1.77789e-09 0.0130222 -7.07804e-09
1.68085e-09 0.0130222 -7.37932e-09
6.36723e-10 0.0130222 -7.44571e-09
8.79119e-11 0.0130222 -7.31908e-09
1.12281e-09 0.0130222 -7.15072e-09
1.91876e-09 0.0130222 -7.11944e-09
1.88351e-09 0.0130222 -6.86578e-09
2.04593e-09 0.0150973 -6.7874e-09
1.74157e-09 0.0150973 -6.88949e-09
2.02639e-09 0.0150973 -6.44294e-09
2.06585e-09 0.0150973 -6.59078e-09
1.10641e-09 0.0150973 -6.80577e-09
1.76599e-09 0.0150973 -6.55872e-09
1.63318e-09 0.0150973 -6.92831e-09
1.82405e-09 0.0150973 -7.07291e-09
2.18185e-09 0.0150973 -6.82882e-09
2.37013e-09 0.0150973 -6.4709e-09
1.16156e-09 0.0150973 -6.59118e-09
1.62572e-09 0.0150973 -6.90666e-09
1.8659e-09 0.0150973 -6.91116e-09
2.15768e-09 0.0150973 -7.07096e-09
2.61314e-09 0.0150973 -6.86032e-09
9.81988e-10 0.0150973 -6.70915e-09
1.44839e-09 0.0150973 -7.09669e-09
1.73748e-09 0.0150973 -6.76326e-09
2.10256e-09 0.0150973 -7.29163e-09
2.62855e-09 0.0150973 -7.09411e-09
4.77203e-10 0.0150973 -6.30304e-09
1.59197e-09 0.0150973 -6.89494e-09
2.32416e-09 0.0150973 -6.7709e-09
2.25008e-09 0.0150973 -6.99123e-09
2.5034e-09 0.0150973 -7.43159e-09
2.61367e-09 0.0169172 -5.37783e-09
2.75553e-09 0.0169172 -5.77247e-09
2.8343e-09 0.0169172 -5.38376e-09
3.13569e-09 0.0169172 -5.70214e-09
1.81199e-09 0.0169172 -5.72486e-09
2.51831e-09 0.0169172 -5.83636e-09
2.28342e-09 0.0169172 -6.01631e-09
2.67587e-09 0.0169172 -5.69894e-09
2.90228e-09 0.0169172 -5.88299e-09
2.50451e-09 0.0169172 -5.8008e-09
1.87757e-09 0.0169172 -5.80255e-09
2.28583e-09 0.0169172 -5.7817e-09
2.59169e-09 0.0169172 -5.89711e-09
2.79141e-09 0.0169172 -6.00853e-09
3.1218e-09 0.0169172 -6.11329e-09
2.2173e-09 0.0169172 -5.82381e-09
2.60239e-09 0.0169172 -6.19931e-09
2.55108e-09 0.0169172 -6.23391e-09
3.08455e-09 0.0169172 -6.07875e-09
2.8789e-09 0.0169172 -6.10799e-09
2.33523e-09 0.0169172 -5.6863e-09
2.19758e-09 0.0169172 -5.98992e-09
3.18326e-09 0.0169172 -5.96122e-09
3.073e-09 0.0169172 -5.86769e-09
3.19479e-09 0.0169172 -6.20357e-09
4.12771e-09 0.0184676 -4.6119e-09
3.22461e-09 0.0184676 -3.30351e-09
3.7901e-09 0.0184676 -3.92485e-09
3.18289e-09 0.0184676 -3.80375e-09
3.63147e-09 0.0184676 -3.74022e-09
3.4818e-09 0.0184676 -4.01765e-09
3.69696e-09 0.0184676 -4.07887e-09
3.42265e-09 0.0184676 -4.18986e-09
3.09067e-09 0.0184676 -3.90669e-09
3.81471e-09 0.0184676 -3.92669e-09
2.96235e-09 0.0184676 -4.16043e-09
3.58708e-09 0.0184676 -4.37469e-09
3.67351e-09 0.0184676 -4.01348e-09
3.2508e-09 0.0184676 -4.27046e-09
3.94648e-09 0.0184676 -4.19051e-09
3.4146e-09 0.0184676 -3.88757e-09
3.25436e-09 0.0184676 -4.08406e-09
3.58e-09 0.0184676 -3.95052e-09
3.49228e-09 0.0184676 -4.26025e-09
3.66569e-09 0.0184676 -4.23276e-09
2.93819e-09 0.0184676 -4.48075e-09
3.34626e-09 0.0184676 -4.22508e-09
3.48403e-09 0.0184676 -4.10375e-09
3.66897e-09 0.0184676 -4.48109e-09
3.52411e-09 0.0184676 -4.22675e-09
4.79148e-09 0.0197468 -1.33196e-09
4.82947e-09 0.0197468 -1.77833e-09
4.16585e-09 0.0197468 -1.59833e-09
3.64729e-09 0.0197468 -2.09058e-09
3.90226e-09 0.0197468 -1.91549e-09
5.37301e-09 0.0197468 -1.72371e-09
4.58661e-09 0.0197468 -1.8396e-09
4.14717e-09 0.0197468 -1.90514e-09
4.17045e-09 0.0197468 -1.73889e-09
3.59415e-09 0.0197468 -1.69366e-09
5.15282e-09 0.0197468 -1.71288e-09
4.62234e-09 0.0197468 -1.65247e-09
4.4942e-09 0.0197468 -1.80347e-09
4.04566e-09 0.0197468 -1.89019e-09
4.17827e-09 0.0197468 -1.57339e-09
5.25403e-09 0.0197468 -1.96917e-09
4.89056e-09 0.0197468 -1.98818e-09
4.38654e-09 0.0197468 -1.52149e-09
4.24087e-09 0.0197468 -1.54583e-09
4.32729e-09 0.0197468 -1.63022e-09
4.78982e-09 0.0197468 -2.2468e-09
4.24757e-09 0.0197468 -1.81175e-09
4.41205e-09 0.0197468 -1.27052e-09
4.5225e-09 0.0197468 -1.45885e-09
3.65051e-09 0.0197468 -1.84353e-09
6.16367e-09 0.0207671 1.71771e-09
5.5363e-09 0.0207671 1.09975e-09
4.70755e-09 0.0207671 4.04752e-10
4.71026e-09 0.0207671 7.41971e-10
4.61972e-09 0.0207671 1.28412e-09
6.15159e-09 0.0207671 1.50206e-09
5.70082e-09 0.0207671 9.77338e-10
5.39124e-09 0.0207671 9.21601e-10
4.89949e-09 0.0207671 1.081e-09
4.99785e-09 0.0207671 9.14623e-10
6.02435e-09 0.0207671 1.15786e-09
5.9396e-09 0.0207671 1.30124e-09
5.5194e-09 0.0207671 1.05724e-09
5.12097e-09 0.0207671 1.2396e-09
5.11211e-09 0.0207671 1.10718e-09
6.472e-09 0.0207671 1.02477e-09
5.91129e-09 0.0207671 9.14198e-10
5.69673e-09 0.0207671 1.23829e-09
5.2929e-09 0.0207671 1.30159e-09
4.71325e-09 0.0207671 1.37487e-09
6.13927e-09 0.0207671 5.04413e-10
6.10511e-09 0.0207671 6.55454e-10
5.76526e-09 0.0207671 9.57373e-10
4.91054e-09 0.0207671 1.66161e-09
4.44404e-09 0.0207671 6.34047e-10
7.43868e-09 0.0215552 4.77991e-09
6.84262e-09 0.0215552 4.24529e-09
6.63445e-09 0.0215552 4.63179e-09
6.32704e-09 0.0215552 4.65997e-09
5.85292e-09 0.0215552 4.93119e-09
7.87229e-09 0.0215552 4.63145e-09
6.98434e-09 0.0215552 4.70195e-09
6.42538e-09 0.0215552 4.32583e-09
6.08564e-09 0.0215552 4.42301e-09
5.62055e-09 0.0215552 4.43965e-09
7.76352e-09 0.0215552 4.57972e-09
7.24047e-09 0.0215552 4.48286e-09
6.66379e-09 0.0215552 4.75205e-09
5.85914e-09 0.0215552 4.34864e-09
6.08789e-09 0.0215552 4.79818e-09
7.52211e-09 0.0215552 4.22897e-09
7.26321e-09 0.0215552 4.60778e-09
6.90965e-09 0.0215552 4.5873e-09
6.18697e-09 0.0215552 4.69503e-09
5.53735e-09 0.0215552 4.51259e-09
7.58469e-09 0.0215552 4.27726e-09
7.29559e-09 0.0215552 4.34527e-09
7.03334e-09 0.0215552 4.29451e-09
6.53267e-09 0.0215552 4.73505e-09
4.46496e-09 0.0215552 4.06504e-09
9.66226e-09 0.0221524 8.33346e-09
8.72908e-09 0.0221524 8.73535e-09
7.79926e-09 0.0221524 8.35867e-09
7.16001e-09 0.0221524 8.44858e-09
6.46115e-09 0.0221524 8.66421e-09
9.41123e-09 0.0221524 8.65677e-09
8.54218e-09 0.0221524 8.47217e-09
7.83357e-09 0.0221524 8.54185e-09
7.24642e-09 0.0221524 8.29326e-09
7.11531e-09 0.0221524 8.5022e-09
9.32627e-09 0.0221524 8.30575e-09
8.45687e-09 0.0221524 8.20547e-09
7.96478e-09 0.0221523 8.33664e-09
7.23867e-09 0.0221523 8.51622e-09
6.67702e-09 0.0221523 8.37024e-09
9.01064e-09 0.0221524 8.18494e-09
8.62562e-09 0.0221523 8.22485e-09
8.13212e-09 0.0221523 8.35953e-09
7.31276e-09 0.0221523 8.09157e-09
6.85975e-09 0.0221523 8.1077e-09
9.04502e-09 0.0221523 8.25788e-09
8.60493e-09 0.0221523 8.11452e-09
8.3089e-09 0.0221523 8.05464e-09
7.17735e-09 0.0221523 7.80463e-09
7.66517e-09 0.0221523 7.88348e-09
1.05448e-08 0.0226127 1.26555e-08
1.03215e-08 0.0226127 1.21076e-08
9.19847e-09 0.0226127 1.2198e-08
8.62906e-09 0.0226127 1.2106e-08
8.55921e-09 0.0226127 1.24659e-08
1.11083e-08 0.0226127 1.20058e-08
1.00053e-08 0.0226127 1.22442e-08
9.34327e-09 0.0226127 1.22628e-08
8.90331e-09 0.0226127 1.2622e-08
7.94156e-09 0.0226127 1.2361e-08
1.0658e-08 0.0226127 1.1729e-08
1.003e-08 0.0226127 1.22548e-08
9.53324e-09 0.0226127 1.21434e-08
8.93231e-09 0.0226127 1.23133e-08
7.99175e-09 0.0226127 1.22641e-08
1.0137e-08 0.0226127 1.21951e-08
1.00605e-08 0.0226127 1.20677e-08
9.60532e-09 0.0226127 1.22067e-08
8.78108e-09 0.0226127 1.21269e-08
8.15084e-09 0.0226127 1.18055e-08
1.02907e-08 0.0226127 1.19957e-08
1.00102e-08 0.0226127 1.20082e-08
9.38893e-09 0.0226127 1.20308e-08
9.24964e-09 0.0226127 1.21833e-08
8.33143e-09 0.0226127 1.18002e-08
1.27189e-08 0.0230008 1.59242e-08
1.19045e-08 0.0230008 1.57979e-08
1.06845e-08 0.0230008 1.6417e-08
1.02579e-08 0.0230008 1.62057e-08
9.54891e-09 0.0230008 1.63114e-08
1.27625e-08 0.0230008 1.58816e-08
1.16387e-08 0.0230008 1.59501e-08
1.09783e-08 0.0230008 1.60128e-08
1.03176e-08 0.0230008 1.61327e-08
9.45626e-09 0.0230008 1.62497e-08
1.22737e-08 0.0230008 1.57473e-08
1.15007e-08 0.0230008 1.60284e-08
1.10626e-08 0.0230008 1.60716e-08
1.03533e-08 0.0230008 1.55655e-08
9.55841e-09 0.0230008 1.58103e-08
1.18196e-08 0.0230008 1.59172e-08
1.14538e-08 0.0230008 1.58817e-08
1.11779e-08 0.0230008 1.59696e-08
1.01615e-08 0.0230008 1.58638e-08
9.55464e-09 0.0230008 1.60876e-08
1.16043e-08 0.0230008 1.59058e-08
1.13845e-08 0.0230008 1.62264e-08
1.10507e-08 0.0230008 1.60185e-08
9.96291e-09 0.0230008 1.61238e-08
9.72922e-09 0.0230008 1.59173e-08
1.38521e-08 0.0233878 1.94716e-08
1.32501e-08 0.0233878 1.96847e-08
1.25878e-08 0.0233878 1.95672e-08
1.16278e-08 0.0233878 1.94431e-08
1.08719e-08 0.0233878 1.95439e-08
1.35692e-08 0.0233878 1.95584e-08
1.31124e-08 0.0233878 1.94397e-08
1.24995e-08 0.0233878 1.96982e-08
1.16213e-08 0.0233878 1.94352e-08
1.11259e-08 0.0233878 1.92469e-08
1.36944e-08 0.0233878 1.95739e-08
1.30652e-08 0.0233878 1.9368e-08
1.24047e-08 0.0233878 1.9262e-08
1.16848e-08 0.0233878 1.93827e-08
1.10377e-08 0.0233878 1.90112e-08
1.35053e-08 0.0233878 1.92703e-08
1.29192e-08 0.0233878 1.94e-08
1.23728e-08 0.0233878 1.9378e-08
1.17678e-08 0.0233878 1.93079e-08
1.10477e-08 0.0233878 1.92659e-08
1.35183e-08 0.0233878 1.90422e-08
1.27681e-08 0.0233878 1.93644e-08
1.24347e-08 0.0233878 1.94524e-08
1.14655e-08 0.0233878 1.92452e-08
1.07903e-08 0.0233878 1.93939e-08
1.45692e-08 0.0238462 2.24806e-08
1.44273e-08 0.0238462 2.29733e-08
1.36614e-08 0.0238462 2.28561e-08
1.29164e-08 0.0238462 2.23702e-08
1.26839e-08 0.0238462 2.20633e-08
1.50571e-08 0.0238462 2.23431e-08
1.43844e-08 0.0238462 2.25261e-08
1.37529e-08 0.0238462 2.24e-08
1.3046e-08 0.0238462 2.248e-08
1.24812e-08 0.0238462 2.21733e-08
1.49042e-08 0.0238462 2.23608e-08
1.44012e-08 0.0238462 2.22843e-08
1.38879e-08 0.0238462 2.24404e-08
1.31249e-08 0.0238462 2.24829e-08
1.25572e-08 0.0238462 2.24498e-08
1.48391e-08 0.0238462 2.18367e-08
1.41629e-08 0.0238462 2.23082e-08
1.36904e-08 0.0238462 2.2472e-08
1.29059e-08 0.0238462 2.22951e-08
1.2901e-08 0.0238462 2.2559e-08
1.45435e-08 0.0238462 2.19601e-08
1.46151e-08 0.0238462 2.20295e-08
1.35555e-08 0.0238462 2.19474e-08
1.34297e-08 0.0238462 2.25983e-08
1.32084e-08 0.0238462 2.19263e-08
1.59889e-08 0.0244431 2.48076e-08
1.52826e-08 0.0244431 2.46172e-08
1.51768e-08 0.0244431 2.45869e-08
1.42098e-08 0.0244431 2.49059e-08
1.40017e-08 0.0244431 2.44569e-08
1.65743e-08 0.0244431 2.48308e-08
1.52069e-08 0.0244431 2.45601e-08
1.48416e-08 0.0244431 2.48239e-08
1.41144e-08 0.0244431 2.46967e-08
1.37217e-08 0.0244431 2.47937e-08
1.61804e-08 0.0244431 2.4017e-08
1.54018e-08 0.0244431 2.4353e-08
1.4928e-08 0.0244431 2.44819e-08
1.45103e-08 0.0244431 2.47017e-08
1.36286e-08 0.0244431 2.46897e-08
1.62487e-08 0.0244431 2.43887e-08
1.56836e-08 0.0244431 2.41214e-08
1.49847e-08 0.0244431 2.43212e-08
1.46606e-08 0.0244431 2.43624e-08
1.40156e-08 0.0244431 2.46684e-08
1.62508e-08 0.0244431 2.47843e-08
1.53078e-08 0.0244431 2.41449e-08
1.52849e-08 0.0244431 2.42729e-08
1.45965e-08 0.0244431 2.43393e-08
1.36495e-08 0.0244431 2.51054e-08
1.62888e-08 0.0252333 2.5946e-08
1.57595e-08 0.0252333 2.57855e-08
1.59107e-08 0.0252333 2.60042e-08
1.56522e-08 0.0252333 2.56668e-08
1.4627e-08 0.0252333 2.61635e-08
1.65312e-08 0.0252333 2.52537e-08
1.62379e-08 0.0252333 2.59408e-08
1.58072e-08 0.0252333 2.59737e-08
1.53065e-08 0.0252333 2.59297e-08
1.49846e-08 0.0252333 2.54603e-08
1.67698e-08 0.0252333 2.57324e-08
1.62423e-08 0.0252333 2.55162e-08
1.59327e-08 0.0252333 2.55776e-08
1.561e-08 0.0252333 2.57516e-08
1.54944e-08 0.0252333 2.59393e-08
1.66788e-08 0.0252333 2.55665e-08
1.6287e-08 0.0252333 2.57795e-08
1.60992e-08 0.0252333 2.5559e-08
1.59853e-08 0.0252333 2.57866e-08
1.55091e-08 0.0252333 2.58299e-08
1.70335e-08 0.0252333 2.62639e-08
1.67594e-08 0.0252333 2.54575e-08
1.57492e-08 0.0252333 2.57678e-08
1.5841e-08 0.0252333 2.53246e-08
1.54019e-08 0.0252333 2.58248e-08
1.719e-08 0.0262514 2.61675e-08
1.71934e-08 0.0262514 2.59358e-08
1.66044e-08 0.0262514 2.57033e-08
1.67616e-08 0.0262514 2.53052e-08
1.63213e-08 0.0262514 2.56954e-08
1.67989e-08 0.0262514 2.59696e-08
1.6837e-08 0.0262514 2.59094e-08
1.71259e-08 0.0262514 2.55827e-08
1.66224e-08 0.0262514 2.58283e-08
1.62955e-08 0.0262514 2.56537e-08
1.68085e-08 0.0262514 2.60147e-08
1.69966e-08 0.0262514 2.59907e-08
1.68724e-08 0.0262514 2.61383e-08
1.70087e-08 0.0262514 2.58528e-08
1.70176e-08 0.0262514 2.57217e-08
1.71244e-08 0.0262514 2.62587e-08
1.70949e-08 0.0262514 2.61165e-08
1.71128e-08 0.0262514 2.62202e-08
1.69976e-08 0.0262514 2.5998e-08
1.75924e-08 0.0262514 2.58562e-08
1.73662e-08 0.0262514 2.57015e-08
1.74996e-08 0.0262514 2.61297e-08
1.70166e-08 0.0262514 2.59971e-08
1.69337e-08 0.0262514 2.61695e-08
1.77242e-08 0.0262514 2.54597e-08
1.62932e-08 0.0275052 2.55444e-08
1.72734e-08 0.0275052 2.51249e-08
1.79804e-08 0.0275052 2.49069e-08
1.78337e-08 0.0275052 2.51127e-08
1.67847e-08 0.0275052 2.5068e-08
1.72854e-08 0.0275052 2.51731e-08
1.75061e-08 0.0275052 2.51731e-08
1.77793e-08 0.0275052 2.49337e-08
1.78575e-08 0.0275052 2.47617e-08
1.80189e-08 0.0275052 2.47015e-08
1.72884e-08 0.0275052 2.56479e-08
1.77801e-08 0.0275052 2.54878e-08
1.79518e-08 0.0275052 2.52869e-08
1.80275e-08 0.0275052 2.51044e-08
1.80606e-08 0.0275052 2.47744e-08
1.74522e-08 0.0275052 2.54705e-08
1.78501e-08 0.0275052 2.5467e-08
1.78435e-08 0.0275052 2.57489e-08
1.80717e-08 0.0275052 2.52001e-08
1.89304e-08 0.0275052 2.50842e-08
1.76288e-08 0.0275052 2.54929e-08
1.78978e-08 0.0275052 2.58555e-08
1.81742e-08 0.0275052 2.52905e-08
1.7874e-08 0.0275052 2.51526e-08
1.88828e-08 0.0275052 2.48578e-08
1.74403e-08 0.0289709 2.34365e-08
1.80185e-08 0.0289709 2.25402e-08
1.90377e-08 0.0289709 2.34361e-08
1.86175e-08 0.0289709 2.29059e-08
1.97048e-08 0.0289709 2.32868e-08
1.73111e-08 0.0289709 2.33106e-08
1.81996e-08 0.0289709 2.32288e-08
1.89274e-08 0.0289709 2.31739e-08
1.90508e-08 0.0289709 2.31921e-08
1.93033e-08 0.028971 2.3419e-08
1.7676e-08 0.0289709 2.3546e-08
1.83952e-08 0.0289709 2.36475e-08
1.88917e-08 0.0289709 2.37611e-08
1.88839e-08 0.0289709 2.37158e-08
1.97601e-08 0.0289709 2.32979e-08
1.79598e-08 0.0289709 2.39523e-08
1.84041e-08 0.0289709 2.38825e-08
1.85603e-08 0.028971 2.39029e-08
1.89446e-08 0.0289709 2.3404e-08
1.9683e-08 0.0289709 2.35814e-08
1.81999e-08 0.0289709 2.37167e-08
1.81466e-08 0.028971 2.40749e-08
1.86072e-08 0.028971 2.35743e-08
1.90758e-08 0.0289709 2.36871e-08
1.9544e-08 0.0289709 2.35063e-08
1.79063e-08 0.0305913 2.07484e-08
1.90321e-08 0.0305913 2.12297e-08
1.96617e-08 0.0305913 1.97951e-08
1.98781e-08 0.0305913 2.08034e-08
1.98826e-08 0.0305913 2.07579e-08
1.77875e-08 0.0305913 2.10524e-08
1.90065e-08 0.0305913 2.04801e-08
1.96814e-08 0.0305913 2.06944e-08
1.99198e-08 0.0305913 2.10327e-08
2.03296e-08 0.0305913 2.09594e-08
1.83679e-08 0.0305913 2.09693e-08
1.89577e-08 0.0305913 2.11965e-08
1.95422e-08 0.0305913 2.12954e-08
1.98662e-08 0.0305913 2.09554e-08
2.07574e-08 0.0305913 2.13636e-08
1.82658e-08 0.0305913 2.12125e-08
1.9309e-08 0.0305913 2.10738e-08
1.94441e-08 0.0305913 2.13137e-08
1.99713e-08 0.0305913 2.16485e-08
2.05979e-08 0.0305913 2.13205e-08
1.95782e-08 0.0305913 2.1621e-08
1.93706e-08 0.0305913 2.08255e-08
1.92489e-08 0.0305913 2.12941e-08
1.94954e-08 0.0305913 2.14398e-08
1.99709e-08 0.0305913 2.13622e-08
1.90216e-08 0.0322782 1.74674e-08
1.9294e-08 0.0322782 1.74942e-08
1.99467e-08 0.0322782 1.80918e-08
2.08497e-08 0.0322782 1.78873e-08
2.14156e-08 0.0322782 1.73569e-08
1.85848e-08 0.0322782 1.7969e-08
1.93179e-08 0.0322782 1.77968e-08
2.00272e-08 0.0322782 1.7974e-08
2.05278e-08 0.0322782 1.7679e-08
2.17914e-08 0.0322782 1.81817e-08
1.89547e-08 0.0322782 1.8187e-08
1.95816e-08 0.0322782 1.82537e-08
2.02537e-08 0.0322782 1.78627e-08
2.05863e-08 0.0322782 1.82666e-08
2.19345e-08 0.0322782 1.80303e-08
1.92195e-08 0.0322782 1.79211e-08
1.9779e-08 0.0322782 1.82266e-08
2.05447e-08 0.0322782 1.82056e-08
2.02658e-08 0.0322782 1.8287e-08
2.21175e-08 0.0322782 1.82889e-08
1.79887e-08 0.0322782 1.75132e-08
1.99449e-08 0.0322782 1.81663e-08
2.11228e-08 0.0322782 1.81555e-08
2.09645e-08 0.0322782 1.86345e-08
2.16881e-08 0.0322782 1.84391e-08
1.90019e-08 0.0339218 1.36044e-08
2.02368e-08 0.0339218 1.46119e-08
2.11024e-08 0.0339218 1.37173e-08
2.07543e-08 0.0339218 1.38117e-08
2.22143e-08 0.0339218 1.39533e-08
1.94609e-08 0.0339218 1.40241e-08
1.96967e-08 0.0339218 1.41425e-08
2.05636e-08 0.0339218 1.43729e-08
2.12945e-08 0.0339218 1.39709e-08
2.11001e-08 0.0339218 1.37016e-08
1.94825e-08 0.0339218 1.43904e-08
1.99765e-08 0.0339218 1.42754e-08
2.06471e-08 0.0339218 1.42844e-08
2.11e-08 0.0339218 1.4394e-08
2.16469e-08 0.0339218 1.43424e-08
1.94192e-08 0.0339218 1.45826e-08
2.02119e-08 0.0339218 1.45316e-08
2.09522e-08 0.0339218 1.42395e-08
2.12655e-08 0.0339218 1.49608e-08
2.19584e-08 0.0339218 1.48801e-08
1.9455e-08 0.0339218 1.40437e-08
2.04567e-08 0.0339218 1.48593e-08
2.12204e-08 0.0339218 1.48565e-08
2.13395e-08 0.0339218 1.43291e-08
2.09887e-08 0.0339218 1.49531e-08
1.86245e-08 0.0354049 1.08142e-08
2.00361e-08 0.0354049 1.03038e-08
2.0832e-08 0.0354049 1.01804e-08
2.1288e-08 0.0354049 8.89842e-09
2.17318e-08 0.0354049 9.15272e-09
1.91081e-08 0.0354049 1.02132e-08
2.01812e-08 0.0354049 1.03184e-08
2.11293e-08 0.0354049 9.53669e-09
2.15873e-08 0.0354049 1.01169e-08
2.18774e-08 0.0354049 9.70398e-09
1.91798e-08 0.0354049 1.01275e-08
2.02454e-08 0.0354049 1.00824e-08
2.05099e-08 0.0354049 1.05054e-08
2.13769e-08 0.0354049 1.06157e-08
2.16219e-08 0.0354049 1.03984e-08
1.93016e-08 0.0354049 1.01164e-08
2.05995e-08 0.0354049 1.0462e-08
2.12554e-08 0.0354049 1.12057e-08
2.07773e-08 0.0354049 1.09204e-08
2.27776e-08 0.0354049 1.11884e-08
2.14518e-08 0.0354049 9.98016e-09
2.013e-08 0.0354049 1.07934e-08
2.06883e-08 0.0354049 1.07083e-08
2.14617e-08 0.0354049 1.13468e-08
2.28987e-08 0.0354049 1.07871e-08
1.92808e-08 0.0366242 6.43138e-09
1.97352e-08 0.0366242 6.82431e-09
2.07797e-08 0.0366242 6.21875e-09
2.10113e-08 0.0366242 6.33599e-09
2.21905e-08 0.0366242 5.42053e-09
1.99731e-08 0.0366242 6.69668e-09
1.99755e-08 0.0366242 6.86467e-09
2.06002e-08 0.0366242 6.54502e-09
2.11733e-08 0.0366242 6.16025e-09
2.28886e-08 0.0366242 6.15258e-09
1.97243e-08 0.0366242 7.22751e-09
2.02947e-08 0.0366242 6.74052e-09
2.07901e-08 0.0366242 7.07487e-09
2.12427e-08 0.0366242 6.91692e-09
2.22054e-08 0.0366242 6.91428e-09
1.93294e-08 0.0366242 6.5209e-09
2.08661e-08 0.0366242 7.07105e-09
2.13813e-08 0.0366242 7.33472e-09
2.09748e-08 0.0366242 7.73585e-09
2.18872e-08 0.0366242 7.46143e-09
2.03454e-08 0.0366242 6.55641e-09
2.07783e-08 0.0366242 6.61191e-09
2.13921e-08 0.0366242 7.39505e-09
2.17676e-08 0.0366242 7.29827e-09
2.04923e-08 0.0366242 7.83283e-09
2.06485e-08 0.0375158 3.00657e-09
2.00447e-08 0.0375157 4.22538e-09
1.98555e-08 0.0375157 3.51574e-09
2.06624e-08 0.0375157 3.8942e-09
2.23529e-08 0.0375157 3.1379e-09
1.97425e-08 0.0375157 3.89383e-09
2.01318e-08 0.0375157 3.89871e-09
2.02737e-08 0.0375157 4.55943e-09
2.05064e-08 0.0375157 3.77786e-09
2.18615e-08 0.0375157 3.71079e-09
1.97988e-08 0.0375157 3.95996e-09
2.02652e-08 0.0375157 4.21952e-09
2.04206e-08 0.0375157 4.01032e-09
2.1172e-08 0.0375157 4.14954e-09
2.19212e-08 0.0375157 3.84664e-09
1.9352e-08 0.0375157 4.17315e-09
2.0952e-08 0.0375157 4.09372e-09
2.08849e-08 0.0375157 4.426e-09
2.11287e-08 0.0375157 3.8587e-09
2.10306e-08 0.0375157 4.31724e-09
1.81448e-08 0.0375157 4.01992e-09
2.06705e-08 0.0375157 3.95988e-09
2.14039e-08 0.0375157 4.08673e-09
2.15352e-08 0.0375157 4.25934e-09
2.25534e-08 0.0375158 4.66013e-09
1.99449e-08 0.0380809 2.27137e-09
2.04375e-08 0.0380809 1.74108e-09
2.04604e-08 0.0380809 1.91957e-09
2.04196e-08 0.0380809 3.23143e-09
2.0655e-08 0.038081 2.27952e-09
1.936e-08 0.038081 2.33367e-09
2.03476e-08 0.0380809 2.5735e-09
2.08572e-08 0.0380809 2.34537e-09
2.05641e-08 0.0380809 2.11964e-09
2.13878e-08 0.038081 2.29524e-09
2.06e-08 0.0380809 2.40599e-09
2.05821e-08 0.0380809 2.01404e-09
2.03258e-08 0.0380809 1.3456e-09
2.09107e-08 0.038081 1.77261e-09
2.13573e-08 0.0380809 1.60269e-09
2.01308e-08 0.0380809 2.46597e-09
2.08736e-08 0.038081 2.37534e-09
2.03897e-08 0.0380809 1.82762e-09
2.08604e-08 0.0380809 1.30169e-09
2.1311e-08 0.0380809 1.06451e-09
1.96229e-08 0.0380809 3.10034e-09
2.04278e-08 0.0380809 2.27976e-09
2.10877e-08 0.038081 2.52686e-09
2.05783e-08 0.0380809 1.13698e-09
2.011e-08 0.038081 1.52355e-09
2.03092e-08 0.0384067 1.72e-09
2.05705e-08 0.0384067 1.56237e-09
2.07912e-08 0.0384067 9.29052e-10
2.05074e-08 0.0384067 1.00693e-09
2.04891e-08 0.0384067 8.70113e-10
2.02797e-08 0.0384067 1.50853e-09
2.05077e-08 0.0384067 9.89157e-10
2.04199e-08 0.0384067 9.75817e-10
2.03587e-08 0.0384067 1.03898e-09
2.0603e-08 0.0384067 6.46637e-10
2.0781e-08 0.0384067 1.77875e-09
2.03084e-08 0.0384067 2.08267e-10
2.04053e-08 0.0384067 -1.27187e-10
2.03908e-08 0.0384067 2.70493e-10
2.14715e-08 0.0384067 3.84137e-10
2.10134e-08 0.0384067 9.24786e-10
2.08304e-08 0.0384067 4.16321e-10
2.03183e-08 0.0384067 -1.13509e-10
1.99904e-08 0.0384067 -3.27738e-11
2.07821e-08 0.0384067 -7.57765e-10
2.02342e-08 0.0384067 4.79339e-10
2.0785e-08 0.0384067 4.34405e-10
1.97799e-08 0.0384067 1.00962e-09
1.96108e-08 0.0384067 -4.59799e-10
1.93041e-08 0.0384067 -1.1622e-09
2.03347e-08 0.038671 7.28626e-10
1.94953e-08 0.038671 1.64304e-09
2.08583e-08 0.038671 8.9965e-10
1.96278e-08 0.038671 2.57433e-10
2.07025e-08 0.038671 3.67604e-10
2.16099e-08 0.0386709 1.46004e-09
2.01082e-08 0.038671 7.88978e-10
2.00708e-08 0.038671 1.81599e-10
1.96817e-08 0.038671 1.15019e-10
2.02933e-08 0.038671 3.22713e-10
2.06758e-08 0.038671 1.3711e-10
2.0263e-08 0.038671 7.93801e-11
1.99204e-08 0.038671 -7.2445e-10
1.95398e-08 0.038671 3.11081e-10
1.95974e-08 0.038671 -1.40624e-10
2.11487e-08 0.038671 1.50048e-10
2.03847e-08 0.038671 -7.62885e-10
1.97157e-08 0.038671 -7.15239e-10
1.95331e-08 0.038671 -8.20567e-10
1.85206e-08 0.038671 -3.23915e-10
2.29225e-08 0.038671 2.22439e-10
2.0189e-08 0.038671 3.65985e-10
2.00219e-08 0.038671 -1.05898e-09
1.88674e-08 0.038671 -1.19751e-09
1.83582e-08 0.038671 -1.4845e-09
1.94269e-08 0.0391235 1.42414e-09
1.93976e-08 0.0391235 1.88038e-09
1.86607e-08 0.0391235 1.99927e-09
1.94959e-08 0.0391235 3.46796e-10
2.0247e-08 0.0391235 5.25456e-10
2.10393e-08 0.0391235 1.90197e-09
1.97861e-08 0.0391235 9.62199e-10
1.92362e-08 0.0391235 3.07761e-10
1.88906e-08 0.0391235 4.04384e-10
1.83712e-08 0.0391235 1.02674e-09
2.08364e-08 0.0391235 2.98387e-10
2.03884e-08 0.0391235 4.68496e-10
1.92144e-08 0.0391235 5.11886e-10
1.88952e-08 0.0391235 7.41384e-10
1.9069e-08 0.0391235 7.89445e-10
2.18404e-08 0.0391235 -6.40107e-10
2.02829e-08 0.0391235 -9.1166e-11
1.97788e-08 0.0391235 1.17701e-10
1.8768e-08 0.0391235 5.12168e-11
1.78658e-08 0.0391235 -8.61061e-10
2.17805e-08 0.0391235 -2.85713e-10
2.0731e-08 0.0391235 -1.11311e-09
1.93435e-08 0.0391235 -3.64269e-10
1.7751e-08 0.0391235 -6.6729e-10
1.71792e-08 0.0391235 2.75012e-10
2.18178e-08 0.0400297 2.62804e-09
1.84281e-08 0.0400298 2.05488e-09
1.76701e-08 0.0400298 1.93785e-09
1.73935e-08 0.0400298 2.28676e-09
1.7588e-08 0.0400297 1.41954e-09
2.12128e-08 0.0400297 1.02676e-09
1.98085e-08 0.0400298 1.4466e-09
1.82889e-08 0.0400298 1.32363e-09
1.72418e-08 0.0400298 1.57136e-09
1.70478e-08 0.0400297 1.40026e-09
2.21013e-08 0.0400298 1.62024e-09
1.98931e-08 0.0400298 1.73997e-09
1.89444e-08 0.0400298 1.43879e-09
1.78065e-08 0.0400298 1.15031e-09
1.55069e-08 0.0400298 1.45159e-09
2.00927e-08 0.0400298 1.15655e-09
2.09577e-08 0.0400298 1.42448e-09
1.9563e-08 0.0400298 9.65918e-10
1.68994e-08 0.0400298 1.21323e-09
1.73447e-08 0.0400298 9.04352e-10
2.12049e-08 0.0400298 1.35628e-10
1.98392e-08 0.0400298 7.03004e-10
1.84644e-08 0.0400298 2.00523e-09
1.60454e-08 0.0400298 1.8567e-09
1.55787e-08 0.0400298 1.35166e-09
1.89231e-08 0.0415733 1.40141e-09
1.97138e-08 0.0415733 1.59422e-09
1.74213e-08 0.0415733 1.77494e-09
1.47046e-08 0.0415733 2.25154e-09
1.12578e-08 0.0415733 4.44215e-09
2.16747e-08 0.0415733 1.10274e-09
1.99765e-08 0.0415733 1.52181e-09
1.7765e-08 0.0415733 2.04371e-09
1.50796e-08 0.0415734 2.13166e-09
1.30568e-08 0.0415734 2.33313e-09
2.26237e-08 0.0415734 1.65941e-09
2.07863e-08 0.0415734 2.06224e-09
1.80637e-08 0.0415734 2.10853e-09
1.53e-08 0.0415734 2.43353e-09
1.32908e-08 0.0415734 2.46625e-09
2.13844e-08 0.0415734 2.61172e-09
2.00556e-08 0.0415734 2.43078e-09
1.82407e-08 0.0415734 2.5435e-09
1.53241e-08 0.0415734 2.18344e-09
1.50013e-08 0.0415734 2.99882e-09
2.18602e-08 0.0415734 3.35312e-09
1.98084e-08 0.0415734 3.78484e-09
1.89534e-08 0.0415734 2.95952e-09
1.58999e-08 0.0415734 3.02777e-09
1.3823e-08 0.0415733 1.8448e-09
2.2283e-08 0.0437231 3.48464e-10
1.97064e-08 0.0437231 -2.61596e-09
1.59518e-08 0.0437231 7.32307e-10
1.3402e-08 0.0437231 3.70015e-10
1.15126e-08 0.0437231 1.99996e-10
2.2166e-08 0.0437231 -1.08552e-09
1.95799e-08 0.0437231 2.11962e-10
1.64724e-08 0.0437231 6.11827e-10
1.32773e-08 0.0437231 1.52394e-09
1.02236e-08 0.0437231 4.20457e-09
2.44571e-08 0.0437231 1.58213e-09
2.06474e-08 0.0437231 2.01392e-09
1.73304e-08 0.0437231 1.93771e-09
1.25768e-08 0.0437231 2.12643e-09
9.97214e-09 0.0437231 3.30761e-09
2.43779e-08 0.0437231 2.24281e-09
2.06433e-08 0.0437231 9.4365e-10
1.72875e-08 0.0437231 2.48158e-09
1.33641e-08 0.0437231 3.78729e-09
1.07459e-08 0.0437231 2.32071e-09
2.0601e-08 0.0437231 2.11173e-09
1.97524e-08 0.0437231 2.73729e-09
1.78628e-08 0.0437231 2.64308e-09
1.34333e-08 0.0437231 1.74279e-09
1.17266e-08 0.0437231 2.30297e-09
1.73714e-08 0.0461003 -2.2066e-09
1.70267e-08 0.0461004 -3.13889e-10
1.23266e-08 0.0461003 2.24439e-09
1.12195e-08 0.0461003 -1.50674e-09
8.23613e-09 0.0461003 1.30399e-10
2.28694e-08 0.0461003 -6.31587e-10
1.90878e-08 0.0461003 -5.50955e-10
1.56649e-08 0.0461003 4.56836e-10
1.00362e-08 0.0461003 1.72786e-09
3.83401e-09 0.0461003 2.71191e-09
2.50463e-08 0.0461004 3.48948e-10
2.05899e-08 0.0461004 2.00555e-09
1.55788e-08 0.0461004 1.19167e-09
1.13828e-08 0.0461003 3.88641e-09
6.09164e-09 0.0461003 4.18577e-09
2.38899e-08 0.0461004 -1.85972e-10
2.03785e-08 0.0461004 4.85116e-10
1.68077e-08 0.0461004 1.31776e-09
1.04975e-08 0.0461003 4.83411e-09
7.86653e-09 0.0461003 7.63096e-09
2.07621e-08 0.0461004 3.36352e-09
1.9266e-08 0.0461004 -3.22913e-09
1.74903e-08 0.0461004 2.55169e-09
1.17574e-08 0.0461004 6.30273e-09
1.44782e-08 0.0461003 7.73264e-09
2.16795e-08 0.0479352 3.64706e-09
2.00477e-08 0.0479351 3.17985e-09
1.40338e-08 0.047935 -9.06209e-09
2.79572e-09 0.047935 -2.30952e-09
4.88359e-09 0.047935 6.20159e-09
2.94883e-08 0.0479351 6.68176e-09
2.17945e-08 0.0479351 2.9832e-09
1.33022e-08 0.0479351 1.16437e-09
4.62189e-09 0.047935 1.62051e-09
1.54651e-09 0.047935 2.31728e-09
2.55506e-08 0.0479351 2.27774e-09
2.14827e-08 0.0479351 -5.58884e-10
1.3805e-08 0.0479351 3.62181e-09
8.92254e-09 0.047935 5.62487e-09
1.17424e-09 0.047935 8.70348e-09
2.45915e-08 0.0479351 -5.10599e-09
1.97723e-08 0.0479352 -1.15892e-09
1.74292e-08 0.0479351 -1.23347e-09
1.06805e-08 0.0479351 8.34714e-09
4.20451e-09 0.0479351 1.01841e-08
2.33794e-08 0.0479352 -1.29475e-08
1.4227e-08 0.0479351 6.48901e-09
1.82767e-08 0.0479351 -3.76104e-09
1.29704e-08 0.0479351 -1.97451e-09
6.55945e-09 0.047935 2.22644e-08
5.00794e-08 0.0482918 2.5366e-08
1.09968e-08 0.0482919 -7.74267e-09
2.96325e-09 0.0482919 -2.45861e-08
9.21739e-09 0.0482919 4.00917e-09
-8.42601e-09 0.0482918 -1.09715e-08
3.74545e-08 0.0482921 -2.08615e-11
2.35473e-08 0.048292 -1.65397e-09
3.38952e-09 0.0482918 2.15857e-09
-6.60917e-09 0.0482918 2.65175e-09
9.6253e-09 0.0482919 4.16583e-09
3.04896e-08 0.048292 7.86856e-09
2.73531e-08 0.048292 -1.26981e-10
1.5774e-08 0.0482921 1.19935e-08
-5.65495e-09 0.0482918 1.67222e-08
-7.35483e-09 0.0482918 1.95915e-08
2.72806e-08 0.0482922 -7.64203e-10
2.03258e-08 0.0482919 1.11862e-09
1.69135e-08 0.048292 -2.44944e-09
2.26656e-08 0.048292 -9.92117e-10
-5.87363e-10 0.0482918 3.63713e-10
1.3707e-08 0.0482918 8.60365e-09
2.49152e-08 0.0482923 -2.65851e-08
9.11112e-09 0.0482919 -1.335e-08
3.57504e-08 0.0482919 3.11725e-08
-5.47821e-09 0.048292 -1.94247e-08
5.95785e-08 0.0469035 -4.74938e-09
3.87993e-08 0.0469037 -1.27631e-08
-1.12169e-08 0.0469038 2.14097e-08
-9.12814e-09 0.0469037 2.94779e-08
3.45914e-08 0.0469037 5.96265e-09
3.59782e-08 0.0469037 2.90379e-09
1.56733e-08 0.046904 -7.4175e-09
2.39047e-08 0.0469037 6.54279e-09
-7.30819e-09 0.0469036 2.57795e-08
1.952e-09 0.046903 9.31152e-09
3.2454e-08 0.046904 2.56841e-09
3.22888e-08 0.0469038 -4.48495e-09
9.71684e-09 0.0469038 1.66498e-08
5.07623e-09 0.0469038 1.68292e-08
-5.09094e-08 0.0469035 1.92549e-08
2.84308e-08 0.0469037 -1.94598e-09
7.40437e-09 0.0469041 8.68646e-09
1.38127e-08 0.0469041 1.32513e-09
1.25731e-08 0.0469036 9.85384e-09
8.4226e-09 0.0469036 2.60898e-08
6.82926e-08 0.0469042 3.55703e-08
7.90794e-09 0.0469037 -2.91629e-08
3.92072e-08 0.0469036 5.59248e-09
3.3469e-08 0.0469038 2.48443e-08
-1.69432e-08 0.0469037 -2.87177e-08
1.20777e-07 0.0462017 1.02506e-09
3.50997e-08 0.0462017 -1.32122e-08
6.52889e-08 0.0462011 -1.97235e-09
-1.27171e-08 0.0462006 3.74678e-08
-1.90225e-08 0.0462011 5.41613e-08
-1.63834e-08 0.0462019 -2.12486e-08
2.33218e-08 0.0462016 -6.54303e-09
3.24264e-08 0.0462015 5.74489e-09
-1.39494e-10 0.0462013 1.06531e-08
-2.57916e-08 0.046201 4.53812e-09
-1.32309e-08 0.0462017 -1.51809e-09
2.26372e-08 0.0462012 -1.33932e-09
2.05409e-08 0.0462017 -8.00881e-09
-2.95557e-09 0.0462011 3.66384e-10
-1.30997e-08 0.0462009 1.46505e-09
5.16467e-08 0.0462017 4.2964e-09
2.07644e-08 0.0462013 -1.82717e-09
-2.81671e-09 0.0462013 1.54809e-08
6.95081e-09 0.0462016 1.36513e-08
-3.60142e-08 0.0462015 3.67044e-09
5.20661e-08 0.0462022 1.53625e-09
1.08577e-08 0.0462016 1.02704e-08
5.17866e-09 0.0462019 2.72503e-08
-2.91861e-08 0.0462013 -7.16864e-09
-1.23146e-08 0.0462017 1.29938e-08
0 0.05 0
0 0.05 0
0 0.05 0
0 0.05 0
0 0.05 0
0 0.05 0
0 0.05 0
0 0.05 0
0 0.05 0
0 0.05 0
0 0.05 0
0 0.05 0
0 0.05 0
0 0.05 0
0 0.05 0
0 0.05 0
0 0.05 0
0 0.05 0
0 0.05 0
0 0.05 0
0 0.05 0
0 0.05 0
0 0.05 0
0 0.05 0
0 0.05 0
