0 0 0
0 0 0
0 0 0
0 0 0
0 0 0
0 0 0
0 0 0
0 0 0
0 0 0
0 0 0
0 0 0
0 0 0
0 0 0
0 0 0
0 0 0
0 0 0
0 0 0
0 0 0
0 0 0
0 0 0
0 0 0
0 0 0
0 0 0
0 0 0
0 0 0
6.2138e-10 0.000937429 2.66148e-09
1.64292e-10 0.000937428 2.76192e-09
-1.66717e-10 0.000937428 2.75998e-09
-4.4547e-10 0.000937428 2.79939e-09
-9.27283e-10 0.000937428 2.79594e-09
6.42325e-10 0.000937428 2.74235e-09
1.45369e-10 0.000937428 2.74539e-09
-1.44155e-10 0.000937428 2.74614e-09
-4.59358e-10 0.000937428 2.73777e-09
-9.32966e-10 0.000937428 2.77226e-09
6.24548e-10 0.000937427 2.74467e-09
1.19408e-10 0.000937427 2.77317e-09
-1.6359e-10 0.000937428 2.73722e-09
-4.56999e-10 0.000937427 2.75435e-09
-9.25363e-10 0.000937427 2.75775e-09
6.8198e-10 0.000937427 2.75078e-09
1.07243e-10 0.000937427 2.7503e-09
-1.78774e-10 0.000937427 2.76105e-09
-4.90106e-10 0.000937427 2.74314e-09
-9.27636e-10 0.000937427 2.742e-09
6.67717e-10 0.000937427 2.80459e-09
1.26493e-10 0.000937427 2.74315e-09
-2.13154e-10 0.000937426 2.71718e-09
-4.9006e-10 0.000937426 2.76907e-09
-9.66801e-10 0.000937426 2.76567e-09
7.55865e-10 0.00190079 5.53809e-09
4.13476e-11 0.00190079 5.62255e-09
-2.96177e-10 0.00190079 5.55879e-09
-7.64392e-10 0.00190079 5.5737e-09
-1.16368e-09 0.00190079 5.53522e-09
6.2249e-10 0.00190079 5.54791e-09
1.29987e-10 0.00190079 5.56384e-09
-2.94498e-10 0.00190079 5.57273e-09
-7.60881e-10 0.00190079 5.54418e-09
-1.26938e-09 0.00190079 5.57232e-09
6.54908e-10 0.00190079 5.55093e-09
1.18191e-10 0.00190079 5.53949e-09
-3.39702e-10 0.00190079 5.52575e-09
-7.27554e-10 0.00190079 5.51479e-09
-1.1647e-09 0.00190079 5.52875e-09
5.34923e-10 0.00190079 5.51274e-09
1.21622e-10 0.00190079 5.5256e-09
-3.20247e-10 0.00190079 5.54685e-09
-7.95084e-10 0.00190079 5.53179e-09
-1.22786e-09 0.00190079 5.49808e-09
7.02582e-10 0.00190079 5.45293e-09
1.2356e-10 0.00190079 5.50451e-09
-3.67926e-10 0.00190079 5.51871e-09
-8.4341e-10 0.00190079 5.57655e-09
-1.16123e-09 0.00190079 5.49422e-09
5.33923e-10 0.00291317 8.22116e-09
2.22045e-15 0.00291317 8.13005e-09
-4.76814e-10 0.00291317 8.21292e-09
-9.51426e-10 0.00291317 8.11532e-09
-1.26511e-09 0.00291317 8.23056e-09
5.9213e-10 0.00291317 8.1744e-09
3.75959e-11 0.00291317 8.18507e-09
-4.75996e-10 0.00291317 8.16924e-09
-9.09681e-10 0.00291317 8.15554e-09
-1.32983e-09 0.00291317 8.16675e-09
4.85678e-10 0.00291317 8.12928e-09
-1.09468e-12 0.00291317 8.07849e-09
-4.74244e-10 0.00291317 8.13212e-09
-8.94842e-10 0.00291317 8.12571e-09
-1.3204e-09 0.00291317 8.11461e-09
5.25504e-10 0.00291317 8.0965e-09
5.57887e-12 0.00291317 8.14818e-09
-4.72723e-10 0.00291317 8.096e-09
-9.64596e-10 0.00291317 8.15833e-09
-1.42965e-09 0.00291317 8.14249e-09
6.07381e-10 0.00291317 8.17116e-09
1.63483e-10 0.00291317 8.08162e-09
-4.73417e-10 0.00291317 8.09558e-09
-1.00874e-09 0.00291317 8.01533e-09
-1.45161e-09 0.00291317 8.01265e-09
1.70828e-10 0.00399225 1.05012e-08
-1.71085e-10 0.00399225 1.03738e-08
-6.15096e-10 0.00399225 1.04039e-08
-9.12306e-10 0.00399225 1.04664e-08
-1.34705e-09 0.00399225 1.0446e-08
2.91916e-10 0.00399225 1.0445e-08
-1.26284e-10 0.00399225 1.0428e-08
-5.45747e-10 0.00399225 1.0484e-08
-9.86534e-10 0.00399225 1.05015e-08
-1.22225e-09 0.00399225 1.0377e-08
2.85547e-10 0.00399225 1.03628e-08
-1.77555e-10 0.00399225 1.04807e-08
-5.30839e-10 0.00399225 1.04513e-08
-9.36369e-10 0.00399225 1.0449e-08
-1.29792e-09 0.00399225 1.04473e-08
3.08694e-10 0.00399225 1.04611e-08
-9.97256e-11 0.00399225 1.04538e-08
-5.46603e-10 0.00399225 1.04089e-08
-9.93511e-10 0.00399225 1.04154e-08
-1.34157e-09 0.00399225 1.04205e-08
4.89235e-10 0.00399225 1.05149e-08
-2.8781e-11 0.00399225 1.04136e-08
-5.00157e-10 0.00399225 1.03871e-08
-1.09528e-09 0.00399225 1.04558e-08
-1.47369e-09 0.00399225 1.03069e-08
-1.32618e-11 0.00514841 1.22542e-08
-4.75211e-10 0.00514841 1.2311e-08
-7.72716e-10 0.00514841 1.23252e-08
-8.77325e-10 0.00514841 1.23231e-08
-9.96708e-10 0.00514841 1.22234e-08
2.61847e-11 0.00514841 1.22722e-08
-3.38041e-10 0.00514841 1.23306e-08
-6.10955e-10 0.00514841 1.23095e-08
-9.57759e-10 0.00514841 1.23527e-08
-1.17749e-09 0.00514841 1.23705e-08
5.27827e-11 0.00514841 1.22579e-08
-3.03943e-10 0.00514841 1.2339e-08
-6.16501e-10 0.00514841 1.24034e-08
-9.28011e-10 0.00514841 1.23436e-08
-1.23167e-09 0.00514841 1.2368e-08
6.56015e-11 0.00514841 1.24274e-08
-2.71919e-10 0.00514841 1.23989e-08
-6.57312e-10 0.00514841 1.23929e-08
-1.0308e-09 0.00514841 1.23982e-08
-1.37694e-09 0.00514841 1.2471e-08
6.9285e-11 0.00514841 1.24989e-08
-9.78397e-11 0.00514841 1.2488e-08
-6.20993e-10 0.00514841 1.24343e-08
-1.04652e-09 0.0051484 1.23914e-08
-1.25766e-09 0.0051484 1.23309e-08
-3.73246e-10 0.00638368 1.37859e-08
-6.06564e-10 0.00638368 1.37673e-08
-5.79589e-10 0.00638368 1.36928e-08
-8.90465e-10 0.00638367 1.37076e-08
-7.56797e-10 0.00638368 1.38855e-08
-2.99986e-10 0.00638368 1.37956e-08
-5.31146e-10 0.00638368 1.3797e-08
-6.58631e-10 0.00638367 1.37934e-08
-8.17703e-10 0.00638368 1.37553e-08
-1.02347e-09 0.00638367 1.3774e-08
-2.29417e-10 0.00638367 1.37893e-08
-4.3395e-10 0.00638367 1.38313e-08
-6.56052e-10 0.00638367 1.38275e-08
-8.57982e-10 0.00638367 1.3876e-08
-1.17773e-09 0.00638367 1.38321e-08
-1.08786e-10 0.00638367 1.38286e-08
-3.95158e-10 0.00638367 1.38866e-08
-6.61877e-10 0.00638367 1.39066e-08
-9.23676e-10 0.00638367 1.39296e-08
-1.15564e-09 0.00638367 1.39052e-08
-3.55116e-11 0.00638367 1.38329e-08
-3.20598e-10 0.00638367 1.38911e-08
-6.60613e-10 0.00638367 1.38849e-08
-9.59046e-10 0.00638367 1.39482e-08
-9.44741e-10 0.00638367 1.3909e-08
-4.67891e-10 0.00769173 1.48403e-08
-6.57603e-10 0.00769173 1.4744e-08
-6.48997e-10 0.00769173 1.48095e-08
-5.44251e-10 0.00769173 1.46348e-08
-8.22537e-10 0.00769173 1.47136e-08
-4.67446e-10 0.00769173 1.47976e-08
-6.04428e-10 0.00769173 1.48201e-08
-6.18539e-10 0.00769173 1.47489e-08
-7.35709e-10 0.00769173 1.48028e-08
-7.49122e-10 0.00769173 1.47765e-08
-3.04816e-10 0.00769173 1.48702e-08
-5.08146e-10 0.00769173 1.48622e-08
-7.0499e-10 0.00769173 1.49045e-08
-7.07395e-10 0.00769173 1.48021e-08
-8.06477e-10 0.00769173 1.4846e-08
-3.4492e-10 0.00769173 1.48685e-08
-4.52954e-10 0.00769173 1.49312e-08
-6.39299e-10 0.00769173 1.48256e-08
-8.06892e-10 0.00769173 1.49554e-08
-8.40458e-10 0.00769173 1.48804e-08
-3.1509e-10 0.00769173 1.48214e-08
-3.30688e-10 0.00769173 1.48536e-08
-6.16565e-10 0.00769173 1.484e-08
-8.24016e-10 0.00769173 1.49256e-08
-1.01927e-09 0.00769173 1.4948e-08
-5.12024e-10 0.00905901 1.5217e-08
-6.85453e-10 0.00905901 1.53123e-08
-4.34815e-10 0.00905901 1.52124e-08
-5.49885e-10 0.00905901 1.528e-08
-2.5198e-10 0.00905901 1.51945e-08
-6.25883e-10 0.00905901 1.53335e-08
-4.78011e-10 0.00905901 1.53412e-08
-4.8917e-10 0.00905901 1.52822e-08
-5.66953e-10 0.00905901 1.52415e-08
-3.18134e-10 0.00905901 1.52432e-08
-4.23588e-10 0.00905901 1.52793e-08
-4.87322e-10 0.00905901 1.53112e-08
-4.30529e-10 0.00905901 1.525e-08
-6.12296e-10 0.00905901 1.53212e-08
-3.94186e-10 0.00905901 1.53421e-08
-3.18151e-10 0.00905901 1.5388e-08
-4.05321e-10 0.00905901 1.5335e-08
-4.72562e-10 0.00905901 1.53722e-08
-5.83857e-10 0.00905901 1.53496e-08
-5.58783e-10 0.00905901 1.53879e-08
-1.66978e-10 0.00905901 1.54952e-08
-4.88319e-10 0.00905901 1.53709e-08
-4.05721e-10 0.00905901 1.51568e-08
-6.17257e-10 0.00905901 1.54122e-08
-4.68172e-10 0.00905901 1.53668e-08
-3.67351e-10 0.0104669 1.5322e-08
-3.41377e-10 0.0104669 1.51322e-08
-3.10266e-10 0.0104669 1.51226e-08
-1.56022e-10 0.0104669 1.50204e-08
-2.43636e-11 0.0104669 1.51067e-08
-4.11783e-10 0.0104669 1.51667e-08
-3.85992e-10 0.0104669 1.52134e-08
-3.18471e-10 0.0104669 1.51552e-08
-1.5112e-10 0.0104669 1.52096e-08
7.10445e-11 0.0104669 1.51744e-08
-3.36576e-10 0.0104669 1.52107e-08
-3.34338e-10 0.0104669 1.51633e-08
-1.68366e-10 0.0104669 1.51476e-08
-1.55548e-10 0.0104669 1.51917e-08
-4.92024e-11 0.0104669 1.53537e-08
-3.48884e-10 0.0104669 1.51296e-08
-2.68409e-10 0.0104669 1.52743e-08
-7.338e-11 0.0104669 1.5259e-08
-1.03171e-10 0.0104669 1.54709e-08
-3.08248e-10 0.0104669 1.53768e-08
-2.10216e-10 0.0104669 1.53525e-08
-1.35254e-10 0.0104669 1.52196e-08
-1.76886e-10 0.0104669 1.53163e-08
-1.99031e-10 0.0104669 1.54019e-08
-1.25641e-10 0.0104669 1.5435e-08
-2.30626e-10 0.0118946 1.48446e-08
-7.13474e-11 0.0118946 1.48234e-08
1.59222e-10 0.0118946 1.45707e-08
2.93351e-10 0.0118946 1.46925e-08
7.96431e-10 0.0118946 1.48103e-08
-4.64297e-10 0.0118946 1.4731e-08
-4.9396e-11 0.0118946 1.46846e-08
2.10276e-10 0.0118946 1.46196e-08
3.12791e-10 0.0118946 1.46314e-08
8.86276e-10 0.0118946 1.46505e-08
-4.63418e-10 0.0118946 1.46916e-08
-4.8634e-11 0.0118946 1.4803e-08
1.39241e-10 0.0118946 1.46564e-08
4.50451e-10 0.0118946 1.4759e-08
6.1264e-10 0.0118946 1.46573e-08
-2.88424e-10 0.0118946 1.47413e-08
-6.75726e-12 0.0118946 1.47375e-08
2.94625e-10 0.0118946 1.48291e-08
3.67281e-10 0.0118946 1.47326e-08
6.19255e-10 0.0118946 1.48658e-08
-2.32187e-10 0.0118946 1.47351e-08
7.66764e-11 0.0118946 1.47745e-08
3.20068e-10 0.0118946 1.47727e-08
2.39721e-10 0.0118946 1.48388e-08
1.88427e-10 0.0118946 1.48983e-08
3.71091e-10 0.0133227 1.40961e-08
3.46462e-10 0.0133227 1.39988e-08
6.63787e-10 0.0133227 1.37943e-08
1.06748e-09 0.0133227 1.39257e-08
1.51028e-09 0.0133227 1.3904e-08
8.417e-11 0.0133227 1.39898e-08
3.93223e-10 0.0133227 1.39636e-08
6.60857e-10 0.0133227 1.37192e-08
1.09378e-09 0.0133227 1.38493e-08
1.41456e-09 0.0133227 1.38671e-08
-1.34326e-10 0.0133227 1.39697e-08
4.64995e-10 0.0133227 1.38685e-08
7.34269e-10 0.0133227 1.39139e-08
9.69985e-10 0.0133227 1.37772e-08
1.69503e-09 0.0133227 1.38779e-08
6.59597e-11 0.0133227 1.40218e-08
4.02228e-10 0.0133227 1.39723e-08
7.60015e-10 0.0133227 1.39552e-08
1.04233e-09 0.0133227 1.39321e-08
1.4076e-09 0.0133227 1.39812e-08
-3.71276e-11 0.0133227 1.3914e-08
4.44723e-10 0.0133227 1.39613e-08
7.56192e-10 0.0133227 1.38771e-08
1.23184e-09 0.0133227 1.39851e-08
8.41617e-10 0.0133227 1.38108e-08
8.46718e-10 0.0147365 1.28405e-08
1.13543e-09 0.0147365 1.28644e-08
1.43939e-09 0.0147365 1.28736e-08
1.7606e-09 0.0147365 1.24092e-08
1.88352e-09 0.0147365 1.25448e-08
8.72888e-10 0.0147365 1.28902e-08
1.08716e-09 0.0147365 1.28359e-08
1.38955e-09 0.0147365 1.27354e-08
1.71619e-09 0.0147365 1.26295e-08
2.24864e-09 0.0147365 1.25797e-08
8.1769e-10 0.0147365 1.28422e-08
1.0079e-09 0.0147365 1.26896e-08
1.4405e-09 0.0147365 1.26212e-08
1.7988e-09 0.0147365 1.26943e-08
2.27389e-09 0.0147365 1.2603e-08
7.46365e-10 0.0147365 1.27513e-08
1.06079e-09 0.0147365 1.27362e-08
1.56861e-09 0.0147365 1.26612e-08
1.81645e-09 0.0147365 1.26871e-08
2.22082e-09 0.0147365 1.25476e-08
7.43591e-10 0.0147365 1.25088e-08
1.16538e-09 0.0147365 1.28883e-08
1.65409e-09 0.0147365 1.27055e-08
1.85525e-09 0.0147365 1.26481e-08
2.16958e-09 0.0147365 1.26132e-08
1.63538e-09 0.0161287 1.11199e-08
2.08389e-09 0.0161287 1.12893e-08
2.12651e-09 0.0161287 1.10972e-08
2.45402e-09 0.0161287 1.07454e-08
3.53299e-09 0.0161287 1.09211e-08
1.61134e-09 0.0161287 1.11487e-08
1.90326e-09 0.0161287 1.11896e-08
2.24185e-09 0.0161287 1.09817e-08
2.62959e-09 0.0161287 1.09897e-08
3.22915e-09 0.0161287 1.09309e-08
1.49902e-09 0.0161287 1.10789e-08
1.83305e-09 0.0161287 1.11415e-08
2.37273e-09 0.0161287 1.10874e-08
2.86289e-09 0.0161287 1.09474e-08
2.9959e-09 0.0161287 1.09509e-08
1.49856e-09 0.0161287 1.10907e-08
1.98149e-09 0.0161287 1.10052e-08
2.49383e-09 0.0161287 1.10414e-08
2.76882e-09 0.0161287 1.09995e-08
3.26916e-09 0.0161287 1.0834e-08
1.60035e-09 0.0161287 1.1156e-08
2.00368e-09 0.0161287 1.10331e-08
2.40799e-09 0.0161287 1.10795e-08
2.95833e-09 0.0161287 1.11717e-08
3.02198e-09 0.0161287 1.10097e-08
2.95214e-09 0.0175008 9.02631e-09
2.90687e-09 0.0175008 8.86786e-09
3.29922e-09 0.0175008 8.71858e-09
3.63414e-09 0.0175008 8.67833e-09
3.9172e-09 0.0175008 9.03035e-09
2.91411e-09 0.0175008 9.07957e-09
2.91159e-09 0.0175008 9.08625e-09
3.24099e-09 0.0175008 8.92294e-09
3.68654e-09 0.0175008 8.91403e-09
4.01021e-09 0.0175008 8.90835e-09
2.52773e-09 0.0175009 8.97226e-09
2.96648e-09 0.0175009 9.19431e-09
3.38774e-09 0.0175008 9.22077e-09
3.71337e-09 0.0175008 8.7645e-09
4.39501e-09 0.0175008 8.92237e-09
2.46356e-09 0.0175008 9.20214e-09
2.99208e-09 0.0175009 9.21099e-09
3.63175e-09 0.0175008 9.06445e-09
3.75854e-09 0.0175008 8.96657e-09
4.08598e-09 0.0175008 8.94197e-09
2.4729e-09 0.0175009 9.24641e-09
3.01596e-09 0.0175008 9.01327e-09
3.61654e-09 0.0175008 9.3726e-09
3.89066e-09 0.0175008 8.98947e-09
4.1422e-09 0.0175008 9.16994e-09
3.59001e-09 0.0188629 6.69628e-09
3.96073e-09 0.0188629 6.87888e-09
4.36031e-09 0.0188629 6.49873e-09
5.00017e-09 0.0188629 6.44562e-09
5.25712e-09 0.0188629 6.76379e-09
3.5976e-09 0.0188629 6.84354e-09
3.97279e-09 0.0188629 6.59583e-09
4.38806e-09 0.0188629 6.76481e-09
4.78962e-09 0.0188629 6.64394e-09
5.31892e-09 0.0188629 6.4948e-09
3.8465e-09 0.0188629 6.79684e-09
4.101e-09 0.0188629 6.68058e-09
4.37639e-09 0.0188629 6.71837e-09
4.75837e-09 0.0188629 6.76182e-09
5.3443e-09 0.0188629 6.45399e-09
3.94469e-09 0.0188629 6.75234e-09
4.04469e-09 0.0188629 6.86871e-09
4.49843e-09 0.0188629 6.87816e-09
4.89878e-09 0.0188629 6.59173e-09
5.45581e-09 0.0188629 6.79845e-09
4.20807e-09 0.0188629 6.71597e-09
4.06283e-09 0.0188629 6.66841e-09
4.55312e-09 0.0188629 6.67786e-09
4.71579e-09 0.0188629 6.89553e-09
5.53728e-09 0.0188629 6.67061e-09
4.08362e-09 0.020231 4.39504e-09
5.1803e-09 0.020231 4.44101e-09
5.60885e-09 0.020231 4.47818e-09
5.95842e-09 0.020231 3.98777e-09
6.62809e-09 0.020231 4.12038e-09
4.44997e-09 0.020231 4.41218e-09
5.15152e-09 0.020231 4.4129e-09
5.62535e-09 0.020231 4.25018e-09
5.92031e-09 0.020231 4.30518e-09
6.45815e-09 0.020231 4.10734e-09
4.80122e-09 0.020231 4.39253e-09
5.11815e-09 0.020231 4.30923e-09
5.57312e-09 0.020231 4.39033e-09
5.88585e-09 0.020231 4.22601e-09
6.51511e-09 0.020231 4.33619e-09
5.0763e-09 0.020231 4.11301e-09
5.112e-09 0.020231 4.28843e-09
5.52254e-09 0.020231 4.29349e-09
5.85392e-09 0.020231 4.5273e-09
6.59439e-09 0.020231 4.17515e-09
4.58952e-09 0.020231 4.12705e-09
5.32864e-09 0.020231 3.78332e-09
5.44941e-09 0.020231 4.06911e-09
6.06197e-09 0.020231 4.29732e-09
6.55045e-09 0.020231 4.28327e-09
5.78486e-09 0.0216234 2.38613e-09
6.05583e-09 0.0216234 1.9407e-09
6.84759e-09 0.0216234 1.82483e-09
6.68768e-09 0.0216234 1.82993e-09
7.39569e-09 0.0216234 1.61566e-09
6.04561e-09 0.0216234 2.1292e-09
6.15411e-09 0.0216234 2.10131e-09
6.65642e-09 0.0216234 1.92228e-09
6.96193e-09 0.0216234 1.83913e-09
7.6685e-09 0.0216234 1.80258e-09
6.26073e-09 0.0216234 1.67444e-09
6.12815e-09 0.0216234 1.68562e-09
6.50608e-09 0.0216234 1.75451e-09
7.03489e-09 0.0216234 1.92372e-09
7.29178e-09 0.0216234 1.9042e-09
6.03898e-09 0.0216234 1.5444e-09
6.15239e-09 0.0216234 1.44416e-09
6.58786e-09 0.0216234 1.61593e-09
7.04002e-09 0.0216234 1.71377e-09
7.29412e-09 0.0216234 1.98546e-09
5.95576e-09 0.0216234 1.72377e-09
5.98194e-09 0.0216234 1.26304e-09
6.78582e-09 0.0216234 1.5524e-09
6.90829e-09 0.0216234 1.9319e-09
7.1764e-09 0.0216234 1.82306e-09
6.88994e-09 0.0230548 -7.38922e-10
7.16892e-09 0.0230548 -5.98322e-10
7.68004e-09 0.0230549 -7.69362e-10
8.19644e-09 0.0230549 -9.68028e-10
8.25968e-09 0.0230549 -8.09134e-10
6.98659e-09 0.0230549 -9.1705e-10
6.98672e-09 0.0230549 -8.52109e-10
7.57727e-09 0.0230549 -6.91595e-10
7.90725e-09 0.0230549 -8.40191e-10
8.93771e-09 0.0230549 -1.03572e-09
6.71441e-09 0.0230549 -9.57352e-10
7.04198e-09 0.0230549 -1.21201e-09
7.51247e-09 0.0230549 -9.65933e-10
8.09875e-09 0.0230549 -8.81053e-10
8.89362e-09 0.0230549 -8.59831e-10
6.76056e-09 0.0230549 -9.82181e-10
6.89908e-09 0.0230549 -1.02306e-09
7.49388e-09 0.0230549 -1.19831e-09
8.10565e-09 0.0230549 -1.00528e-09
8.6324e-09 0.0230549 -7.58529e-10
6.51461e-09 0.0230549 -6.69837e-10
7.15029e-09 0.0230549 -8.35091e-10
7.38945e-09 0.0230549 -1.13012e-09
8.13522e-09 0.0230549 -9.53332e-10
8.61594e-09 0.0230549 -8.33183e-10
7.1614e-09 0.0245315 -3.65077e-09
7.88149e-09 0.0245315 -3.00268e-09
8.30128e-09 0.0245315 -4.05876e-09
9.12056e-09 0.0245315 -3.74524e-09
1.00428e-08 0.0245315 -3.87895e-09
7.34229e-09 0.0245315 -3.26231e-09
8.10073e-09 0.0245315 -3.64882e-09
8.59559e-09 0.0245315 -3.36814e-09
8.97269e-09 0.0245315 -3.59371e-09
9.73803e-09 0.0245315 -3.835e-09
7.40861e-09 0.0245315 -3.48971e-09
7.97714e-09 0.0245315 -3.4665e-09
8.53027e-09 0.0245315 -3.59999e-09
8.91495e-09 0.0245315 -3.76855e-09
9.71701e-09 0.0245315 -3.8832e-09
7.67582e-09 0.0245315 -3.40687e-09
7.74181e-09 0.0245315 -3.43779e-09
8.39372e-09 0.0245315 -3.44378e-09
9.06489e-09 0.0245315 -3.69339e-09
9.82365e-09 0.0245315 -3.666e-09
7.33317e-09 0.0245315 -3.274e-09
7.84906e-09 0.0245315 -3.61584e-09
8.38103e-09 0.0245315 -3.77153e-09
9.08954e-09 0.0245315 -3.73103e-09
9.96227e-09 0.0245315 -3.72132e-09
8.23021e-09 0.0260466 -5.61163e-09
8.60099e-09 0.0260466 -5.86165e-09
9.26903e-09 0.0260466 -5.62845e-09
9.16722e-09 0.0260466 -6.12145e-09
1.024e-08 0.0260466 -6.17076e-09
8.46982e-09 0.0260466 -5.65938e-09
8.65917e-09 0.0260466 -5.71985e-09
8.95818e-09 0.0260466 -6.32216e-09
9.47709e-09 0.0260466 -6.06806e-09
1.04113e-08 0.0260466 -6.22496e-09
8.38304e-09 0.0260466 -5.65231e-09
8.49143e-09 0.0260466 -5.82692e-09
9.0391e-09 0.0260466 -5.85959e-09
9.63029e-09 0.0260466 -6.37875e-09
1.04029e-08 0.0260466 -6.56962e-09
8.05847e-09 0.0260466 -5.69899e-09
8.48549e-09 0.0260466 -5.87457e-09
8.79262e-09 0.0260466 -5.7065e-09
9.5903e-09 0.0260466 -6.22525e-09
1.05292e-08 0.0260466 -6.30413e-09
7.94735e-09 0.0260466 -5.61333e-09
8.44897e-09 0.0260466 -5.79845e-09
8.83474e-09 0.0260466 -5.65902e-09
9.2753e-09 0.0260466 -6.12323e-09
1.03474e-08 0.0260466 -6.19014e-09
8.80962e-09 0.0275797 -7.84688e-09
8.94067e-09 0.0275797 -8.15072e-09
9.66793e-09 0.0275797 -8.30237e-09
9.2328e-09 0.0275797 -8.07265e-09
9.83421e-09 0.0275797 -8.04556e-09
8.71212e-09 0.0275797 -7.93472e-09
8.84709e-09 0.0275797 -7.9258e-09
9.26254e-09 0.0275797 -7.9951e-09
9.6507e-09 0.0275797 -8.16611e-09
1.03866e-08 0.0275797 -7.97879e-09
8.16636e-09 0.0275797 -7.88348e-09
8.71924e-09 0.0275797 -7.9645e-09
9.01216e-09 0.0275797 -7.93142e-09
9.66483e-09 0.0275797 -8.07976e-09
1.08047e-08 0.0275797 -8.40332e-09
8.40325e-09 0.0275797 -7.74483e-09
8.54684e-09 0.0275797 -7.86755e-09
9.06666e-09 0.0275797 -8.2317e-09
9.49801e-09 0.0275797 -8.6717e-09
1.06485e-08 0.0275797 -8.28721e-09
8.54887e-09 0.0275797 -7.52183e-09
8.50255e-09 0.0275797 -7.67483e-09
8.91065e-09 0.0275797 -7.80272e-09
9.61925e-09 0.0275797 -8.56924e-09
1.015e-08 0.0275797 -7.91488e-09
8.74292e-09 0.0290998 -1.01437e-08
8.70697e-09 0.0290997 -9.43573e-09
8.8698e-09 0.0290997 -1.00901e-08
9.16189e-09 0.0290998 -9.38343e-09
1.0381e-08 0.0290998 -9.60234e-09
8.20529e-09 0.0290998 -9.34599e-09
8.71044e-09 0.0290998 -9.6714e-09
8.86628e-09 0.0290997 -9.77295e-09
9.38929e-09 0.0290998 -9.71226e-09
9.70679e-09 0.0290997 -9.46354e-09
7.48614e-09 0.0290997 -9.49766e-09
8.5264e-09 0.0290997 -9.37552e-09
8.89278e-09 0.0290997 -9.49618e-09
9.27408e-09 0.0290998 -9.42515e-09
1.05026e-08 0.0290997 -9.48488e-09
8.385e-09 0.0290997 -9.32729e-09
8.46455e-09 0.0290997 -9.43422e-09
8.61736e-09 0.0290997 -9.55807e-09
9.42017e-09 0.0290997 -9.66847e-09
1.0707e-08 0.0290997 -9.78358e-09
8.96669e-09 0.0290997 -9.20122e-09
8.33089e-09 0.0290997 -9.42426e-09
8.28351e-09 0.0290997 -9.59026e-09
9.71133e-09 0.0290997 -9.8789e-09
1.01084e-08 0.0290997 -1.01749e-08
7.43642e-09 0.0305729 -1.03972e-08
8.00272e-09 0.0305729 -1.10107e-08
7.72798e-09 0.0305729 -1.06036e-08
8.6494e-09 0.0305729 -1.06406e-08
9.01357e-09 0.0305729 -1.08212e-08
7.37902e-09 0.0305729 -1.04607e-08
7.82482e-09 0.0305729 -1.06736e-08
8.17926e-09 0.0305729 -1.05298e-08
8.16197e-09 0.0305729 -1.03446e-08
9.17906e-09 0.0305729 -1.03928e-08
7.78301e-09 0.0305729 -1.0344e-08
7.78526e-09 0.0305729 -1.02281e-08
8.28953e-09 0.0305729 -1.04447e-08
8.30658e-09 0.0305729 -1.04054e-08
9.57249e-09 0.0305729 -1.0355e-08
7.91443e-09 0.0305729 -1.05114e-08
7.81819e-09 0.0305729 -1.0277e-08
7.89358e-09 0.0305729 -1.04762e-08
8.26683e-09 0.0305729 -1.03206e-08
9.37672e-09 0.0305729 -1.03733e-08
7.91561e-09 0.0305729 -1.0111e-08
7.99937e-09 0.0305729 -1.04659e-08
8.07794e-09 0.0305729 -1.00751e-08
8.28547e-09 0.0305729 -1.03821e-08
9.40687e-09 0.0305729 -1.04636e-08
6.67563e-09 0.0319735 -1.04071e-08
6.72087e-09 0.0319735 -1.04662e-08
7.20557e-09 0.0319735 -1.08387e-08
7.02293e-09 0.0319735 -1.07205e-08
7.274e-09 0.0319735 -1.06798e-08
6.84099e-09 0.0319735 -1.07693e-08
6.75375e-09 0.0319735 -1.06934e-08
6.96189e-09 0.0319735 -1.06755e-08
7.02112e-09 0.0319735 -1.10743e-08
6.926e-09 0.0319735 -1.07628e-08
6.93638e-09 0.0319735 -1.09728e-08
6.77113e-09 0.0319735 -1.04509e-08
6.77108e-09 0.0319735 -1.07898e-08
7.07203e-09 0.0319735 -1.05605e-08
7.20625e-09 0.0319735 -1.09147e-08
7.16147e-09 0.0319735 -1.07256e-08
6.93208e-09 0.0319735 -1.08742e-08
6.89576e-09 0.0319735 -1.08202e-08
6.95515e-09 0.0319735 -1.0814e-08
6.97374e-09 0.0319735 -1.04889e-08
6.70555e-09 0.0319735 -1.11128e-08
6.95508e-09 0.0319735 -1.07949e-08
6.50643e-09 0.0319735 -1.09399e-08
6.51318e-09 0.0319735 -1.06635e-08
7.21032e-09 0.0319735 -1.06712e-08
5.47398e-09 0.0332948 -1.01245e-08
5.38865e-09 0.0332948 -1.00603e-08
5.59441e-09 0.0332948 -9.8405e-09
5.52102e-09 0.0332948 -1.07591e-08
5.26441e-09 0.0332948 -1.04813e-08
5.35655e-09 0.0332948 -1.01129e-08
5.46381e-09 0.0332948 -1.01668e-08
5.36703e-09 0.0332948 -1.05764e-08
5.33101e-09 0.0332948 -1.04536e-08
5.43422e-09 0.0332948 -1.05337e-08
5.49533e-09 0.0332948 -1.00541e-08
5.34311e-09 0.0332948 -1.05893e-08
5.22963e-09 0.0332948 -1.03644e-08
5.26694e-09 0.0332948 -1.05544e-08
5.60778e-09 0.0332948 -1.04802e-08
5.92021e-09 0.0332948 -1.04275e-08
5.22703e-09 0.0332948 -1.04257e-08
5.37918e-09 0.0332948 -1.04247e-08
5.06017e-09 0.0332948 -1.02998e-08
5.62464e-09 0.0332948 -1.03349e-08
5.51362e-09 0.0332948 -1.02775e-08
5.40227e-09 0.0332948 -1.09121e-08
5.04979e-09 0.0332948 -1.06106e-08
5.27533e-09 0.0332948 -1.04255e-08
5.19656e-09 0.0332948 -1.05251e-08
4.32446e-09 0.0345563 -8.60108e-09
3.33803e-09 0.0345563 -8.30704e-09
2.99816e-09 0.0345563 -8.2002e-09
3.23642e-09 0.0345563 -8.86571e-09
2.83553e-09 0.0345563 -9.09355e-09
3.96677e-09 0.0345563 -8.59506e-09
3.45392e-09 0.0345563 -8.78491e-09
3.32698e-09 0.0345563 -8.69357e-09
2.82968e-09 0.0345563 -8.91628e-09
3.49354e-09 0.0345563 -9.03945e-09
4.03858e-09 0.0345563 -8.90098e-09
3.49604e-09 0.0345563 -8.83661e-09
3.24848e-09 0.0345563 -8.77425e-09
3.02006e-09 0.0345563 -8.95475e-09
2.91624e-09 0.0345563 -8.99714e-09
4.11711e-09 0.0345563 -8.83961e-09
3.61805e-09 0.0345563 -9.00233e-09
3.50371e-09 0.0345563 -8.80508e-09
2.98747e-09 0.0345563 -8.80609e-09
2.70099e-09 0.0345563 -8.96706e-09
4.82324e-09 0.0345563 -9.14359e-09
3.71349e-09 0.0345563 -8.6747e-09
3.62382e-09 0.0345563 -9.56996e-09
2.81172e-09 0.0345563 -8.83804e-09
2.31321e-09 0.0345563 -8.74561e-09
1.50492e-09 0.0358006 -5.69878e-09
1.28456e-09 0.0358007 -5.7919e-09
7.29755e-10 0.0358006 -5.7236e-09
9.17415e-10 0.0358006 -6.1934e-09
1.91493e-10 0.0358006 -5.95218e-09
1.90253e-09 0.0358006 -5.82023e-09
1.31535e-09 0.0358006 -5.97043e-09
1.156e-09 0.0358006 -5.83972e-09
5.18573e-10 0.0358006 -6.06546e-09
6.28965e-10 0.0358006 -5.97333e-09
1.83863e-09 0.0358006 -6.18986e-09
1.63844e-09 0.0358006 -6.31387e-09
1.01934e-09 0.0358006 -5.94525e-09
4.29935e-10 0.0358006 -6.20039e-09
5.71034e-10 0.0358006 -6.05903e-09
2.28701e-09 0.0358006 -6.37476e-09
1.74439e-09 0.0358006 -6.54463e-09
1.02679e-09 0.0358006 -6.10773e-09
5.75787e-10 0.0358006 -6.45692e-09
1.41525e-10 0.0358006 -6.49943e-09
2.47003e-09 0.0358006 -5.85707e-09
1.75165e-09 0.0358006 -6.62119e-09
1.22218e-09 0.0358006 -6.69689e-09
7.15268e-10 0.0358006 -6.31568e-09
-5.384e-10 0.0358006 -6.75239e-09
1.41417e-10 0.0370784 -1.81508e-09
-8.91509e-10 0.0370784 -2.57165e-09
-1.04454e-09 0.0370784 -1.99302e-09
-1.78093e-09 0.0370784 -1.97283e-09
-2.0764e-09 0.0370784 -2.07815e-09
-2.53287e-10 0.0370784 -2.3015e-09
-5.1556e-10 0.0370784 -1.89753e-09
-1.04175e-09 0.0370784 -1.90362e-09
-1.92108e-09 0.0370784 -2.08989e-09
-2.40495e-09 0.0370784 -1.77599e-09
5.44238e-10 0.0370784 -2.07193e-09
-2.63317e-10 0.0370784 -2.42477e-09
-1.1114e-09 0.0370784 -2.73262e-09
-2.16084e-09 0.0370784 -2.05818e-09
-2.64631e-09 0.0370784 -2.29103e-09
3.04484e-10 0.0370784 -2.78655e-09
-2.05943e-10 0.0370784 -2.83376e-09
-1.09438e-09 0.0370784 -2.60445e-09
-1.91692e-09 0.0370784 -2.39694e-09
-2.72693e-09 0.0370784 -2.59498e-09
4.0802e-10 0.0370784 -2.31836e-09
-2.18645e-10 0.0370784 -2.52761e-09
-7.10115e-10 0.0370784 -2.14575e-09
-2.08789e-09 0.0370784 -2.55433e-09
-2.77358e-09 0.0370784 -2.62473e-09
-1.78537e-09 0.0384213 2.19537e-09
-2.34485e-09 0.0384213 2.39078e-09
-3.27604e-09 0.0384213 2.18346e-09
-4.16553e-09 0.0384213 2.27776e-09
-4.84507e-09 0.0384213 2.39872e-09
-1.40174e-09 0.0384213 1.73388e-09
-2.67362e-09 0.0384213 2.03443e-09
-3.32335e-09 0.0384213 2.02015e-09
-4.20896e-09 0.0384213 2.05908e-09
-5.27717e-09 0.0384213 2.13031e-09
-7.79691e-10 0.0384213 2.31493e-09
-2.42063e-09 0.0384213 1.66456e-09
-3.13072e-09 0.0384213 1.53113e-09
-4.19633e-09 0.0384213 2.26244e-09
-6.01132e-09 0.0384213 2.12239e-09
-1.61396e-09 0.0384213 1.82151e-09
-2.00986e-09 0.0384213 1.62626e-09
-2.98505e-09 0.0384213 1.52426e-09
-4.2831e-09 0.0384213 2.05033e-09
-4.80123e-09 0.0384213 2.54101e-09
-7.78842e-10 0.0384213 1.29694e-09
-1.76225e-09 0.0384213 1.53755e-09
-3.48678e-09 0.0384213 1.15457e-09
-4.2071e-09 0.0384213 2.31051e-09
-5.76283e-09 0.0384213 1.57169e-09
-2.93381e-09 0.0398133 6.88097e-09
-4.28218e-09 0.0398133 7.09738e-09
-4.65229e-09 0.0398133 6.80716e-09
-6.16621e-09 0.0398133 7.31765e-09
-7.37814e-09 0.0398133 6.92405e-09
-3.1931e-09 0.0398133 6.9482e-09
-4.11402e-09 0.0398133 7.0652e-09
-5.34847e-09 0.0398133 7.0585e-09
-5.99523e-09 0.0398133 6.87958e-09
-6.71934e-09 0.0398133 7.0003e-09
-2.98648e-09 0.0398133 6.77161e-09
-3.89341e-09 0.0398133 6.69851e-09
-4.94153e-09 0.0398133 6.45296e-09
-6.28147e-09 0.0398133 7.16247e-09
-6.43907e-09 0.0398133 6.98178e-09
-2.30733e-09 0.0398133 6.84711e-09
-3.8603e-09 0.0398133 6.88237e-09
-4.73243e-09 0.0398133 6.36849e-09
-5.71977e-09 0.0398133 7.00014e-09
-7.67486e-09 0.0398133 7.57657e-09
-2.78952e-09 0.0398133 7.72098e-09
-3.82577e-09 0.0398133 5.96468e-09
-4.3256e-09 0.0398133 6.67332e-09
-5.72276e-09 0.0398133 6.73923e-09
-6.26514e-09 0.0398133 7.789e-09
-3.98607e-09 0.0411765 1.33388e-08
-5.54198e-09 0.0411765 1.27845e-08
-6.67861e-09 0.0411765 1.2088e-08
-7.15051e-09 0.0411765 1.28163e-08
-7.58729e-09 0.0411765 1.26273e-08
-4.50982e-09 0.0411765 1.289e-08
-5.27211e-09 0.0411765 1.26484e-08
-6.15982e-09 0.0411765 1.27196e-08
-7.60377e-09 0.0411765 1.27121e-08
-7.6998e-09 0.0411765 1.28024e-08
-4.88261e-09 0.0411765 1.20334e-08
-5.34198e-09 0.0411765 1.25893e-08
-6.22061e-09 0.0411765 1.23092e-08
-7.06615e-09 0.0411765 1.30542e-08
-8.7335e-09 0.0411765 1.30905e-08
-3.86648e-09 0.0411765 1.24841e-08
-5.58579e-09 0.0411765 1.19994e-08
-5.99101e-09 0.0411765 1.22794e-08
-6.81585e-09 0.0411765 1.31484e-08
-8.40419e-09 0.0411765 1.32426e-08
-4.34806e-09 0.0411765 1.2238e-08
-5.34069e-09 0.0411765 1.25522e-08
-5.99828e-09 0.0411765 1.20602e-08
-7.19192e-09 0.0411765 1.31811e-08
-8.0305e-09 0.0411765 1.28771e-08
-4.87487e-09 0.0423944 1.87652e-08
-5.43768e-09 0.0423944 1.80135e-08
-6.92802e-09 0.0423944 1.91399e-08
-9.01618e-09 0.0423944 1.88091e-08
-9.08122e-09 0.0423944 1.92917e-08
-4.08195e-09 0.0423944 1.87829e-08
-5.98818e-09 0.0423944 1.88928e-08
-7.25297e-09 0.0423944 1.88381e-08
-8.76978e-09 0.0423944 1.96806e-08
-8.77214e-09 0.0423944 1.93603e-08
-4.95645e-09 0.0423944 1.89196e-08
-5.68916e-09 0.0423944 1.87449e-08
-6.83702e-09 0.0423944 1.91652e-08
-8.55328e-09 0.0423944 1.88954e-08
-9.88625e-09 0.0423944 1.87492e-08
-4.20902e-09 0.0423944 1.77902e-08
-6.20843e-09 0.0423944 1.87487e-08
-6.95486e-09 0.0423944 1.89953e-08
-8.03856e-09 0.0423944 1.88718e-08
-9.92039e-09 0.0423944 1.91919e-08
-4.80807e-09 0.0423944 1.85684e-08
-6.10895e-09 0.0423944 1.73028e-08
-6.69941e-09 0.0423943 1.89272e-08
-6.99836e-09 0.0423944 1.91279e-08
-9.72706e-09 0.0423944 1.92093e-08
-3.93661e-09 0.0433841 2.57369e-08
-5.25311e-09 0.0433841 2.61138e-08
-7.33122e-09 0.0433841 2.50417e-08
-9.79441e-09 0.0433841 2.63904e-08
-1.11074e-08 0.0433841 2.51488e-08
-4.15011e-09 0.0433841 2.55112e-08
-5.49593e-09 0.0433841 2.52967e-08
-7.32404e-09 0.0433841 2.56476e-08
-1.01266e-08 0.0433841 2.54736e-08
-1.03209e-08 0.0433841 2.50079e-08
-3.61177e-09 0.0433841 2.53877e-08
-5.82457e-09 0.0433841 2.49939e-08
-7.51227e-09 0.0433841 2.49204e-08
-9.64148e-09 0.0433841 2.49909e-08
-1.09015e-08 0.0433841 2.47064e-08
-3.90954e-09 0.0433841 2.41699e-08
-6.09638e-09 0.0433841 2.42426e-08
-7.80642e-09 0.0433841 2.43318e-08
-8.52839e-09 0.0433841 2.43244e-08
-1.12741e-08 0.0433841 2.49081e-08
-4.23329e-09 0.0433841 2.29613e-08
-6.67136e-09 0.0433841 2.39174e-08
-7.41753e-09 0.0433841 2.4079e-08
-8.34641e-09 0.0433841 2.36005e-08
-1.01243e-08 0.0433841 2.72681e-08
-2.43486e-09 0.044199 3.0879e-08
-4.27267e-09 0.044199 3.05187e-08
-8.58292e-09 0.044199 3.13008e-08
-1.21264e-08 0.044199 3.1201e-08
-1.23915e-08 0.044199 3.0501e-08
-2.96104e-09 0.044199 3.0541e-08
-5.16599e-09 0.044199 3.09484e-08
-7.73955e-09 0.044199 3.09642e-08
-1.07692e-08 0.044199 3.05847e-08
-1.25338e-08 0.044199 3.06786e-08
-3.39434e-09 0.044199 3.04855e-08
-6.34236e-09 0.044199 2.99037e-08
-7.49541e-09 0.044199 2.89011e-08
-9.72765e-09 0.044199 2.9202e-08
-1.08285e-08 0.044199 2.86701e-08
-5.60073e-09 0.044199 2.90593e-08
-6.47628e-09 0.044199 2.85397e-08
-7.52315e-09 0.044199 2.82015e-08
-8.41708e-09 0.044199 2.77973e-08
-9.18886e-09 0.044199 2.64108e-08
-5.4299e-09 0.044199 2.79398e-08
-6.92141e-09 0.044199 2.78893e-08
-7.99941e-09 0.044199 2.71438e-08
-7.36871e-09 0.044199 2.67401e-08
-8.1225e-09 0.044199 2.78655e-08
-4.76807e-09 0.0450787 3.24455e-08
-3.54351e-09 0.0450787 3.02693e-08
-8.4416e-09 0.0450787 3.42991e-08
-1.15452e-08 0.0450787 3.14553e-08
-1.1902e-08 0.0450787 3.45378e-08
-5.10004e-09 0.0450787 3.38536e-08
-6.03963e-09 0.0450787 3.1867e-08
-7.19924e-09 0.0450787 3.21941e-08
-1.11818e-08 0.0450787 3.29963e-08
-1.3706e-08 0.0450787 3.32643e-08
-5.72719e-09 0.0450787 3.21384e-08
-7.33376e-09 0.0450787 3.17662e-08
-7.63281e-09 0.0450787 3.22358e-08
-8.98632e-09 0.0450787 3.01218e-08
-8.14962e-09 0.0450787 2.79547e-08
-5.43145e-09 0.0450787 3.17403e-08
-7.44425e-09 0.0450787 3.27497e-08
-8.00328e-09 0.0450787 2.68305e-08
-7.24278e-09 0.0450787 2.60676e-08
-3.89943e-09 0.0450787 2.68318e-08
-5.05192e-09 0.0450787 3.23691e-08
-7.56864e-09 0.0450787 2.93885e-08
-6.96593e-09 0.0450787 2.68285e-08
-5.41986e-09 0.0450787 2.71996e-08
-5.2772e-09 0.0450787 2.62834e-08
-5.62295e-09 0.0463034 3.22881e-08
-8.22564e-09 0.0463034 1.91191e-08
-4.6779e-09 0.0463033 3.04252e-08
-1.24373e-08 0.0463034 3.28994e-08
-1.81286e-08 0.0463033 4.38977e-08
-7.71295e-09 0.0463034 3.04648e-08
-8.13091e-09 0.0463034 3.41813e-08
-7.34197e-09 0.0463034 2.79081e-08
-8.56196e-09 0.0463034 3.67593e-08
-1.4787e-08 0.0463034 3.07002e-08
-5.9037e-09 0.0463035 3.29578e-08
-6.42389e-09 0.0463033 3.54062e-08
-8.4065e-09 0.0463034 2.98298e-08
-9.42808e-09 0.0463034 2.7762e-08
-3.72054e-09 0.0463033 2.26892e-08
-7.82265e-09 0.0463034 3.2503e-08
-7.80918e-09 0.0463034 3.1554e-08
-1.07737e-08 0.0463034 2.82647e-08
-1.32041e-09 0.0463034 1.44923e-08
3.63264e-09 0.0463033 1.78114e-08
-4.71741e-09 0.0463034 2.47917e-08
-6.88233e-09 0.0463034 4.24243e-08
-1.16423e-08 0.0463033 1.66901e-08
4.37595e-10 0.0463033 1.45927e-08
2.88986e-09 0.0463034 1.71137e-08
-2.74603e-08 0.0477485 9.59062e-10
-8.24036e-09 0.0477487 2.5542e-08
-3.08205e-09 0.0477487 3.43853e-08
-2.82182e-09 0.0477485 3.94194e-08
-2.67867e-08 0.0477484 9.32926e-09
-1.94652e-09 0.0477486 2.33129e-08
-1.54654e-08 0.0477484 2.2721e-08
-2.82297e-09 0.0477487 4.73476e-08
-2.9297e-09 0.0477488 2.51486e-08
-1.85557e-08 0.0477485 1.37393e-08
-1.24092e-08 0.0477486 2.70653e-08
-1.02972e-08 0.0477487 2.64193e-08
-1.8274e-08 0.0477486 1.59574e-08
-3.18175e-09 0.0477487 1.7176e-08
1.11268e-08 0.0477487 1.93711e-08
4.58988e-09 0.0477487 3.69727e-08
-4.7813e-09 0.0477485 1.83149e-08
-1.95331e-08 0.0477487 2.9145e-08
-5.54377e-09 0.0477485 1.6776e-08
3.34892e-08 0.0477486 1.2176e-08
8.05312e-09 0.0477484 4.55074e-08
1.59611e-09 0.0477488 1.49516e-08
-2.21306e-08 0.0477485 3.05786e-08
-3.60399e-09 0.0477482 3.19978e-08
2.87213e-08 0.0477484 1.7733e-08
-2.64265e-08 0.0484842 -6.84668e-09
4.11023e-09 0.0484841 2.40112e-08
-1.75828e-09 0.048484 1.6374e-08
-4.59886e-09 0.0484842 -1.15662e-08
-3.62256e-08 0.0484842 1.70485e-09
-3.21924e-08 0.0484841 2.24602e-08
-3.96338e-09 0.0484841 2.28894e-08
-7.46479e-09 0.0484842 2.28021e-08
4.99284e-09 0.0484842 6.39437e-09
3.08859e-09 0.0484843 -1.25806e-08
-1.04151e-08 0.048484 5.67638e-09
-1.60874e-08 0.0484842 2.06165e-08
-2.65867e-08 0.0484841 2.57584e-08
1.62402e-09 0.0484841 8.3071e-09
3.79883e-08 0.0484844 1.97823e-08
-8.88713e-09 0.0484841 2.82876e-08
-2.16586e-08 0.0484841 1.44211e-08
-1.27104e-08 0.0484837 2.15881e-08
-9.21546e-10 0.048484 4.03199e-08
1.54189e-08 0.0484841 4.75134e-08
8.10237e-08 0.0484848 2.81761e-08
-2.23408e-08 0.048484 1.48068e-08
-1.69216e-08 0.0484842 2.61593e-09
1.50269e-08 0.0484838 5.42637e-08
3.66899e-08 0.0484838 2.75368e-08
1.57734e-08 0.0483029 1.25394e-08
-1.11118e-08 0.0483028 4.93924e-09
-1.13095e-08 0.0483029 -3.42413e-09
1.74959e-08 0.0483032 4.39854e-09
9.07858e-09 0.0483028 -3.1225e-08
5.24636e-09 0.048303 9.30391e-09
-7.55409e-09 0.0483027 8.22406e-09
-3.74553e-09 0.0483028 4.60064e-09
-3.68505e-09 0.048303 -3.15379e-09
3.90917e-08 0.048303 6.64102e-10
-4.31482e-08 0.0483029 3.43596e-09
5.76534e-10 0.0483028 9.89075e-09
-1.67783e-08 0.0483029 2.17852e-08
5.41803e-09 0.048303 2.20021e-08
8.43238e-09 0.0483024 1.15401e-08
9.87887e-09 0.0483024 -1.35458e-08
-1.99158e-08 0.0483028 1.08241e-08
-2.41296e-08 0.0483028 1.84519e-08
1.19712e-08 0.0483025 1.48806e-08
-3.68254e-09 0.0483032 3.89866e-08
7.0806e-08 0.0483029 -8.2315e-09
-2.69029e-08 0.048303 -1.30672e-09
1.1918e-08 0.0483023 1.52022e-08
1.12866e-08 0.0483028 1.39767e-08
-3.91528e-08 0.0483032 2.85239e-08
0 0.05 0
0 0.05 0
0 0.05 0
0 0.05 0
0 0.05 0
0 0.05 0
0 0.05 0
0 0.05 0
0 0.05 0
0 0.05 0
0 0.05 0
0 0.05 0
0 0.05 0
0 0.05 0
0 0.05 0
0 0.05 0
0 0.05 0
0 0.05 0
0 0.05 0
0 0.05 0
0 0.05 0
0 0.05 0
0 0.05 0
0 0.05 0
0 0.05 0
