0 0 0
0 0 0
0 0 0
0 0 0
0 0 0
0 0 0
0 0 0
0 0 0
0 0 0
0 0 0
0 0 0
0 0 0
0 0 0
0 0 0
0 0 0
0 0 0
0 0 0
0 0 0
0 0 0
0 0 0
0 0 0
0 0 0
0 0 0
0 0 0
0 0 0
-5.97909e-10 0.00279747 -8.4943e-10
-4.85312e-10 0.00279747 -8.462e-10
-3.3481e-10 0.00279747 -8.13743e-10
-2.31154e-10 0.00279746 -8.3223e-10
5.83095e-12 0.00279747 -8.3888e-10
-6.68968e-10 0.00279747 -8.6769e-10
-4.47789e-10 0.00279747 -8.58027e-10
-3.23253e-10 0.00279747 -8.43219e-10
-2.16204e-10 0.00279747 -8.1417e-10
4.34229e-11 0.00279746 -8.35023e-10
-6.60669e-10 0.00279747 -8.70554e-10
-4.62297e-10 0.00279747 -8.53767e-10
-3.46528e-10 0.00279747 -8.56444e-10
-1.95669e-10 0.00279746 -8.26811e-10
-9.77898e-13 0.00279746 -8.33522e-10
-5.70528e-10 0.00279747 -8.24642e-10
-4.56534e-10 0.00279747 -8.17282e-10
-3.31004e-10 0.00279746 -7.86843e-10
-2.43272e-10 0.00279746 -8.07026e-10
-5.95581e-11 0.00279746 -8.25292e-10
-5.01173e-10 0.00279747 -8.12655e-10
-4.17432e-10 0.00279747 -7.59144e-10
-3.44007e-10 0.00279747 -8.15359e-10
-2.45543e-10 0.00279746 -7.78537e-10
-9.7134e-11 0.00279746 -7.94977e-10
-1.02788e-09 0.0056006 -1.82092e-09
-8.71904e-10 0.0056006 -1.6779e-09
-6.34324e-10 0.0056006 -1.68234e-09
-4.60446e-10 0.0056006 -1.67701e-09
-1.37463e-10 0.0056006 -1.79229e-09
-1.12094e-09 0.0056006 -1.72667e-09
-8.36956e-10 0.0056006 -1.72589e-09
-6.60529e-10 0.0056006 -1.65682e-09
-4.47733e-10 0.0056006 -1.69564e-09
-2.14763e-10 0.0056006 -1.67601e-09
-1.06655e-09 0.0056006 -1.73569e-09
-8.64174e-10 0.0056006 -1.68858e-09
-6.45246e-10 0.0056006 -1.70576e-09
-5.19771e-10 0.0056006 -1.67927e-09
-2.007e-10 0.0056006 -1.64442e-09
-1.03153e-09 0.0056006 -1.70807e-09
-8.66363e-10 0.0056006 -1.71099e-09
-6.36663e-10 0.0056006 -1.68055e-09
-5.57303e-10 0.0056006 -1.65792e-09
-3.75509e-10 0.00560059 -1.69215e-09
-9.28016e-10 0.0056006 -1.7738e-09
-8.0007e-10 0.0056006 -1.66921e-09
-7.41356e-10 0.0056006 -1.62697e-09
-5.20982e-10 0.0056006 -1.65509e-09
-4.60341e-10 0.0056006 -1.70098e-09
-1.43563e-09 0.0084148 -2.56635e-09
-1.15484e-09 0.0084148 -2.64199e-09
-9.05804e-10 0.0084148 -2.40235e-09
-8.84943e-10 0.0084148 -2.48568e-09
-4.20213e-10 0.0084148 -2.507e-09
-1.42369e-09 0.0084148 -2.63378e-09
-1.20156e-09 0.0084148 -2.59221e-09
-9.34128e-10 0.0084148 -2.54202e-09
-8.67372e-10 0.0084148 -2.42862e-09
-5.57862e-10 0.0084148 -2.54523e-09
-1.45214e-09 0.0084148 -2.54503e-09
-1.21687e-09 0.0084148 -2.59657e-09
-1.00741e-09 0.0084148 -2.47211e-09
-7.89389e-10 0.0084148 -2.52142e-09
-5.90016e-10 0.0084148 -2.54338e-09
-1.3249e-09 0.0084148 -2.70604e-09
-1.23101e-09 0.0084148 -2.59769e-09
-1.06157e-09 0.0084148 -2.59486e-09
-8.69018e-10 0.0084148 -2.55941e-09
-7.09249e-10 0.0084148 -2.57395e-09
-1.33243e-09 0.0084148 -2.7139e-09
-1.17804e-09 0.0084148 -2.71732e-09
-1.00688e-09 0.0084148 -2.6993e-09
-9.25799e-10 0.0084148 -2.54959e-09
-6.73765e-10 0.0084148 -2.58684e-09
-1.7636e-09 0.0112449 -3.55095e-09
-1.55036e-09 0.0112449 -3.45393e-09
-1.19691e-09 0.0112449 -3.47833e-09
-1.19028e-09 0.0112449 -3.39528e-09
-8.37445e-10 0.0112449 -3.26699e-09
-1.73506e-09 0.0112449 -3.48966e-09
-1.55854e-09 0.0112449 -3.52454e-09
-1.29053e-09 0.0112449 -3.39732e-09
-1.20727e-09 0.0112449 -3.34452e-09
-9.18936e-10 0.0112449 -3.33892e-09
-1.74646e-09 0.0112449 -3.5949e-09
-1.54659e-09 0.0112449 -3.45721e-09
-1.29677e-09 0.0112449 -3.4423e-09
-1.16465e-09 0.0112449 -3.34648e-09
-8.54582e-10 0.0112449 -3.41659e-09
-1.80502e-09 0.0112449 -3.53975e-09
-1.63786e-09 0.0112449 -3.51943e-09
-1.33375e-09 0.0112449 -3.5579e-09
-1.15876e-09 0.0112449 -3.46554e-09
-9.72163e-10 0.0112449 -3.52405e-09
-1.81021e-09 0.0112449 -3.55102e-09
-1.59462e-09 0.0112449 -3.56725e-09
-1.41684e-09 0.0112449 -3.59086e-09
-1.2623e-09 0.0112449 -3.58647e-09
-1.11721e-09 0.0112449 -3.50631e-09
-2.25222e-09 0.0140951 -4.42872e-09
-1.83801e-09 0.0140951 -4.28757e-09
-1.59163e-09 0.0140951 -4.39406e-09
-1.47107e-09 0.0140951 -4.20937e-09
-8.09412e-10 0.0140951 -4.32916e-09
-2.15303e-09 0.0140951 -4.32944e-09
-1.84568e-09 0.0140951 -4.34963e-09
-1.57052e-09 0.0140951 -4.33032e-09
-1.41586e-09 0.0140951 -4.24238e-09
-1.16948e-09 0.0140951 -4.22373e-09
-2.05538e-09 0.0140951 -4.36486e-09
-1.96919e-09 0.0140951 -4.31854e-09
-1.55559e-09 0.0140951 -4.20589e-09
-1.39996e-09 0.0140951 -4.21723e-09
-1.13795e-09 0.0140951 -4.15146e-09
-2.29143e-09 0.0140951 -4.29495e-09
-1.90698e-09 0.0140951 -4.26868e-09
-1.64572e-09 0.0140951 -4.12459e-09
-1.48918e-09 0.0140951 -4.19784e-09
-8.82149e-10 0.0140951 -4.25555e-09
-2.09989e-09 0.0140951 -4.20542e-09
-1.97645e-09 0.0140951 -4.27812e-09
-1.60038e-09 0.0140951 -4.29377e-09
-1.42478e-09 0.0140951 -4.3065e-09
-1.18613e-09 0.0140951 -4.16187e-09
-2.28975e-09 0.0169683 -5.07645e-09
-2.41697e-09 0.0169683 -5.21279e-09
-1.8258e-09 0.0169683 -5.23744e-09
-1.70144e-09 0.0169683 -5.04539e-09
-1.10231e-09 0.0169683 -4.80311e-09
-2.50977e-09 0.0169683 -5.20954e-09
-2.33466e-09 0.0169683 -5.06509e-09
-1.85672e-09 0.0169683 -5.22928e-09
-1.58118e-09 0.0169683 -5.07e-09
-1.27543e-09 0.0169683 -4.98121e-09
-2.5965e-09 0.0169683 -5.03678e-09
-2.23611e-09 0.0169683 -4.99433e-09
-1.88606e-09 0.0169683 -5.04614e-09
-1.61454e-09 0.0169683 -5.00833e-09
-1.44861e-09 0.0169683 -5.05508e-09
-2.50647e-09 0.0169683 -5.11396e-09
-2.25883e-09 0.0169683 -4.90164e-09
-1.91824e-09 0.0169683 -4.79566e-09
-1.70954e-09 0.0169683 -4.97175e-09
-1.43144e-09 0.0169683 -4.87201e-09
-2.43187e-09 0.0169683 -4.97922e-09
-2.27558e-09 0.0169683 -4.9502e-09
-1.99113e-09 0.0169683 -4.97448e-09
-1.93752e-09 0.0169683 -4.63099e-09
-1.10567e-09 0.0169683 -4.9023e-09
-3.16799e-09 0.0198662 -5.84274e-09
-2.60811e-09 0.0198662 -5.62761e-09
-2.22134e-09 0.0198662 -5.64242e-09
-1.503e-09 0.0198662 -5.98737e-09
-2.09808e-09 0.0198662 -5.91781e-09
-3.00962e-09 0.0198662 -5.74227e-09
-2.61788e-09 0.0198662 -5.85539e-09
-2.19913e-09 0.0198662 -5.66695e-09
-1.76108e-09 0.0198662 -5.73415e-09
-1.58753e-09 0.0198662 -5.8009e-09
-2.78018e-09 0.0198662 -5.53723e-09
-2.55369e-09 0.0198662 -5.62854e-09
-2.27394e-09 0.0198662 -5.47539e-09
-1.90546e-09 0.0198662 -5.63334e-09
-1.52234e-09 0.0198662 -5.73792e-09
-2.85618e-09 0.0198662 -5.71322e-09
-2.46154e-09 0.0198662 -5.58575e-09
-2.31965e-09 0.0198662 -5.66207e-09
-2.01743e-09 0.0198662 -5.33114e-09
-1.59629e-09 0.0198662 -5.55539e-09
-2.76556e-09 0.0198662 -5.71608e-09
-2.46159e-09 0.0198662 -5.67568e-09
-2.21083e-09 0.0198662 -5.51166e-09
-2.05316e-09 0.0198662 -5.34749e-09
-1.73748e-09 0.0198662 -5.46284e-09
-3.20258e-09 0.0227886 -6.56312e-09
-3.07672e-09 0.0227886 -6.29536e-09
-2.32146e-09 0.0227886 -6.44917e-09
-2.30856e-09 0.0227886 -6.39099e-09
-1.47281e-09 0.0227886 -6.48685e-09
-3.5381e-09 0.0227886 -6.272e-09
-2.66381e-09 0.0227886 -6.1246e-09
-2.37866e-09 0.0227886 -6.15781e-09
-2.338e-09 0.0227886 -6.23114e-09
-1.31335e-09 0.0227886 -6.27929e-09
-3.24044e-09 0.0227886 -6.40419e-09
-2.81204e-09 0.0227886 -6.13595e-09
-2.42249e-09 0.0227886 -6.42319e-09
-2.35788e-09 0.0227886 -5.95099e-09
-1.69975e-09 0.0227886 -6.13108e-09
-2.90992e-09 0.0227886 -6.14617e-09
-2.79734e-09 0.0227886 -6.12821e-09
-2.48146e-09 0.0227886 -5.94003e-09
-2.502e-09 0.0227886 -5.89555e-09
-1.99154e-09 0.0227886 -5.90959e-09
-2.52382e-09 0.0227886 -6.32871e-09
-2.85987e-09 0.0227886 -6.05397e-09
-2.60312e-09 0.0227886 -6.13704e-09
-2.38502e-09 0.0227886 -5.78646e-09
-2.4165e-09 0.0227886 -5.74784e-09
-3.05132e-09 0.0257337 -7.10295e-09
-2.75089e-09 0.0257337 -7.15051e-09
-2.52938e-09 0.0257337 -7.0674e-09
-2.45218e-09 0.0257337 -7.15076e-09
-1.88462e-09 0.0257337 -6.98701e-09
-3.04503e-09 0.0257337 -7.10987e-09
-3.0375e-09 0.0257337 -6.95964e-09
-2.85984e-09 0.0257337 -7.05043e-09
-2.38958e-09 0.0257337 -6.90915e-09
-2.10553e-09 0.0257337 -7.00164e-09
-3.19276e-09 0.0257337 -6.92269e-09
-3.17823e-09 0.0257337 -6.98484e-09
-2.61925e-09 0.0257337 -6.85561e-09
-2.49441e-09 0.0257337 -6.64972e-09
-2.0952e-09 0.0257337 -6.36682e-09
-3.36322e-09 0.0257337 -7.15908e-09
-2.90992e-09 0.0257337 -6.65029e-09
-2.75313e-09 0.0257337 -6.50477e-09
-2.54521e-09 0.0257337 -6.31521e-09
-2.55089e-09 0.0257337 -6.36838e-09
-2.80143e-09 0.0257337 -6.89775e-09
-2.62863e-09 0.0257337 -6.85412e-09
-2.65902e-09 0.0257337 -6.41304e-09
-2.93679e-09 0.0257337 -6.55125e-09
-2.70843e-09 0.0257337 -6.4342e-09
-4.03076e-09 0.028697 -7.37747e-09
-3.22219e-09 0.028697 -7.55028e-09
-3.01549e-09 0.028697 -7.94266e-09
-2.35662e-09 0.028697 -7.13222e-09
-1.87866e-09 0.028697 -7.33012e-09
-3.78266e-09 0.028697 -7.45542e-09
-3.46869e-09 0.028697 -7.76318e-09
-2.85357e-09 0.028697 -7.50893e-09
-2.67411e-09 0.028697 -7.50429e-09
-1.67931e-09 0.028697 -7.24969e-09
-4.04096e-09 0.028697 -7.52828e-09
-3.33432e-09 0.028697 -7.16876e-09
-3.09199e-09 0.028697 -7.29943e-09
-2.73164e-09 0.028697 -6.95757e-09
-2.19997e-09 0.028697 -7.23044e-09
-3.30227e-09 0.028697 -7.31992e-09
-3.31458e-09 0.028697 -7.36155e-09
-2.97427e-09 0.028697 -7.06874e-09
-2.91727e-09 0.028697 -7.27847e-09
-2.5345e-09 0.028697 -6.89751e-09
-3.48361e-09 0.028697 -7.17044e-09
-3.16642e-09 0.028697 -7.48455e-09
-2.93702e-09 0.028697 -7.02827e-09
-3.46586e-09 0.028697 -6.92006e-09
-2.37697e-09 0.028697 -7.3201e-09
-3.99351e-09 0.0316716 -7.78236e-09
-3.8594e-09 0.0316716 -7.72588e-09
-3.10122e-09 0.0316716 -7.63421e-09
-2.97129e-09 0.0316716 -7.11226e-09
-2.29608e-09 0.0316716 -6.89346e-09
-4.40208e-09 0.0316716 -7.34226e-09
-3.75707e-09 0.0316716 -7.53333e-09
-3.22163e-09 0.0316716 -7.58609e-09
-2.76808e-09 0.0316716 -7.23899e-09
-2.5695e-09 0.0316716 -7.27116e-09
-4.63128e-09 0.0316716 -7.44064e-09
-3.63924e-09 0.0316715 -7.46014e-09
-3.31849e-09 0.0316716 -7.36238e-09
-3.08007e-09 0.0316716 -7.49477e-09
-2.23964e-09 0.0316716 -7.19943e-09
-4.04939e-09 0.0316715 -7.36906e-09
-3.63812e-09 0.0316716 -7.33438e-09
-3.51332e-09 0.0316716 -7.44015e-09
-3.12403e-09 0.0316715 -7.1593e-09
-2.76713e-09 0.0316715 -7.29259e-09
-3.61009e-09 0.0316716 -7.38284e-09
-3.83854e-09 0.0316715 -7.53551e-09
-3.38256e-09 0.0316716 -7.65547e-09
-2.59206e-09 0.0316715 -7.03829e-09
-3.75379e-09 0.0316715 -6.89253e-09
-3.52971e-09 0.0346473 -7.79368e-09
-3.88026e-09 0.0346473 -7.29393e-09
-3.30806e-09 0.0346473 -7.3474e-09
-3.08305e-09 0.0346473 -7.8621e-09
-3.52859e-09 0.0346473 -7.51878e-09
-4.10958e-09 0.0346473 -7.39391e-09
-4.0669e-09 0.0346473 -7.2645e-09
-3.57167e-09 0.0346473 -7.26679e-09
-3.42429e-09 0.0346473 -7.37757e-09
-3.09348e-09 0.0346473 -7.40907e-09
-4.3422e-09 0.0346473 -7.466e-09
-4.04492e-09 0.0346473 -7.45024e-09
-3.5882e-09 0.0346473 -7.52901e-09
-3.60522e-09 0.0346473 -7.20598e-09
-2.92286e-09 0.0346473 -7.27925e-09
-4.24193e-09 0.0346473 -7.55431e-09
-4.1537e-09 0.0346473 -7.35659e-09
-3.41271e-09 0.0346473 -7.49175e-09
-3.4865e-09 0.0346473 -7.46125e-09
-3.2112e-09 0.0346473 -7.28317e-09
-3.83854e-09 0.0346473 -7.71256e-09
-4.02871e-09 0.0346473 -7.6618e-09
-3.38554e-09 0.0346473 -7.86166e-09
-3.44329e-09 0.0346473 -7.42985e-09
-4.02927e-09 0.0346473 -7.69917e-09
-4.01805e-09 0.0376109 -7.21635e-09
-4.17165e-09 0.0376109 -7.68268e-09
-3.97936e-09 0.0376109 -7.30486e-09
-3.50177e-09 0.0376109 -7.74764e-09
-3.12924e-09 0.0376109 -7.99224e-09
-4.27345e-09 0.0376109 -7.64162e-09
-4.2662e-09 0.0376109 -7.36974e-09
-4.04628e-09 0.0376109 -7.60541e-09
-3.65165e-09 0.0376109 -7.61693e-09
-3.68282e-09 0.0376109 -7.61328e-09
-4.55678e-09 0.0376109 -7.54981e-09
-4.55603e-09 0.0376109 -7.41753e-09
-3.675e-09 0.0376109 -7.47149e-09
-3.48315e-09 0.0376109 -7.12782e-09
-3.72234e-09 0.0376109 -7.12877e-09
-4.8781e-09 0.0376109 -7.62512e-09
-3.9665e-09 0.0376109 -7.66096e-09
-3.61684e-09 0.0376109 -7.20583e-09
-3.43777e-09 0.0376109 -7.27828e-09
-3.73747e-09 0.0376109 -7.66651e-09
-4.98444e-09 0.0376109 -7.50249e-09
-4.39435e-09 0.0376109 -7.2293e-09
-3.55544e-09 0.0376109 -7.24611e-09
-3.48837e-09 0.0376109 -7.24671e-09
-2.66376e-09 0.0376109 -7.53738e-09
-3.30303e-09 0.0405453 -7.77008e-09
-4.10378e-09 0.0405453 -7.57813e-09
-4.05684e-09 0.0405453 -8.63993e-09
-4.27865e-09 0.0405453 -7.80366e-09
-3.50765e-09 0.0405453 -7.11931e-09
-3.43201e-09 0.0405453 -7.51922e-09
-4.10937e-09 0.0405453 -7.72609e-09
-4.17038e-09 0.0405453 -7.77561e-09
-4.04716e-09 0.0405453 -7.8246e-09
-3.8743e-09 0.0405453 -7.67714e-09
-4.5076e-09 0.0405453 -7.51148e-09
-4.21256e-09 0.0405453 -7.66332e-09
-3.82494e-09 0.0405453 -7.30579e-09
-3.82066e-09 0.0405453 -7.56957e-09
-4.51601e-09 0.0405453 -7.60909e-09
-4.75943e-09 0.0405453 -7.15274e-09
-4.22746e-09 0.0405453 -7.25836e-09
-3.43427e-09 0.0405453 -7.24717e-09
-4.15891e-09 0.0405453 -7.54967e-09
-3.95775e-09 0.0405453 -7.4218e-09
-4.49568e-09 0.0405453 -6.47874e-09
-3.56436e-09 0.0405453 -7.47133e-09
-3.32594e-09 0.0405453 -7.61485e-09
-3.64929e-09 0.0405453 -7.0075e-09
-4.25699e-09 0.0405453 -7.08941e-09
-3.85046e-09 0.0434293 -7.69944e-09
-4.64022e-09 0.0434293 -8.35906e-09
-4.43161e-09 0.0434293 -8.69711e-09
-3.49483e-09 0.0434293 -7.694e-09
-4.31538e-09 0.0434293 -7.82036e-09
-3.76675e-09 0.0434293 -8.00863e-09
-3.86685e-09 0.0434293 -7.78738e-09
-4.22522e-09 0.0434293 -8.19943e-09
-4.2974e-09 0.0434293 -8.05856e-09
-3.95328e-09 0.0434293 -8.06637e-09
-4.00237e-09 0.0434293 -7.36566e-09
-4.05013e-09 0.0434293 -7.92301e-09
-4.08366e-09 0.0434293 -7.5696e-09
-4.49568e-09 0.0434293 -7.94399e-09
-3.62145e-09 0.0434293 -8.26293e-09
-4.30164e-09 0.0434293 -7.22443e-09
-4.51354e-09 0.0434293 -7.24846e-09
-3.79533e-09 0.0434293 -7.72306e-09
-3.76105e-09 0.0434293 -7.88956e-09
-4.50611e-09 0.0434293 -7.81518e-09
-3.65972e-09 0.0434293 -6.7397e-09
-4.5687e-09 0.0434293 -7.73296e-09
-3.78273e-09 0.0434293 -7.20024e-09
-4.16886e-09 0.0434293 -8.21763e-09
-3.6627e-09 0.0434293 -7.0624e-09
-4.96209e-09 0.0462374 -8.40053e-09
-3.97496e-09 0.0462374 -7.76377e-09
-3.98159e-09 0.0462374 -7.70741e-09
-4.61784e-09 0.0462374 -8.18932e-09
-3.48091e-09 0.0462374 -7.82077e-09
-4.64234e-09 0.0462374 -8.02074e-09
-3.98287e-09 0.0462374 -8.38168e-09
-4.14399e-09 0.0462374 -7.77667e-09
-4.18119e-09 0.0462374 -8.20165e-09
-4.6581e-09 0.0462374 -7.88285e-09
-4.29004e-09 0.0462374 -7.75819e-09
-3.99277e-09 0.0462374 -7.69166e-09
-3.69549e-09 0.0462374 -7.82758e-09
-4.45843e-09 0.0462374 -7.9155e-09
-4.26455e-09 0.0462374 -7.98178e-09
-3.50838e-09 0.0462374 -7.63058e-09
-4.35582e-09 0.0462374 -7.51245e-09
-4.08068e-09 0.0462374 -7.12313e-09
-4.04865e-09 0.0462374 -7.75456e-09
-3.67552e-09 0.0462374 -7.88653e-09
-4.36306e-09 0.0462374 -7.47894e-09
-4.19617e-09 0.0462374 -7.59813e-09
-4.90364e-09 0.0462374 -7.66207e-09
-3.63327e-09 0.0462374 -7.0349e-09
-4.24385e-09 0.0462374 -7.47596e-09
-4.14028e-09 0.0489398 -7.13604e-09
-4.3869e-09 0.0489398 -6.80937e-09
-3.82662e-09 0.0489398 -6.21677e-09
-4.49419e-09 0.0489398 -7.57609e-09
-4.86693e-09 0.0489398 -7.42653e-09
-4.41357e-09 0.0489398 -7.47713e-09
-4.14111e-09 0.0489398 -7.44015e-09
-3.63588e-09 0.0489398 -7.58022e-09
-4.51803e-09 0.0489398 -7.33085e-09
-4.18122e-09 0.0489398 -7.5556e-09
-4.06057e-09 0.0489398 -7.35775e-09
-3.90559e-09 0.0489397 -8.03749e-09
-3.99351e-09 0.0489398 -7.68606e-09
-3.87141e-09 0.0489397 -7.65543e-09
-4.65959e-09 0.0489398 -7.23526e-09
-3.58538e-09 0.0489398 -7.6729e-09
-3.9864e-09 0.0489398 -7.76833e-09
-4.08911e-09 0.0489398 -7.2589e-09
-3.62793e-09 0.0489397 -7.45998e-09
-4.52173e-09 0.0489397 -7.35307e-09
-3.20412e-09 0.0489398 -8.0131e-09
-4.76628e-09 0.0489398 -7.78544e-09
-3.66284e-09 0.0489398 -7.2998e-09
-3.24904e-09 0.0489397 -7.06216e-09
-4.20809e-09 0.0489398 -7.56886e-09
-4.65624e-09 0.0515015 -6.16908e-09
-3.40939e-09 0.0515015 -6.23222e-09
-3.58224e-09 0.0515015 -6.31325e-09
-3.8743e-09 0.0515015 -7.26618e-09
-2.98023e-09 0.0515015 -6.83851e-09
-3.83942e-09 0.0515015 -6.56024e-09
-4.28762e-09 0.0515015 -7.25203e-09
-3.29018e-09 0.0515015 -6.68059e-09
-4.14848e-09 0.0515015 -6.79049e-09
-3.02195e-09 0.0515015 -7.25434e-09
-3.99351e-09 0.0515015 -6.61021e-09
-4.05312e-09 0.0515015 -7.47779e-09
-3.6974e-09 0.0515015 -7.45553e-09
-3.12215e-09 0.0515015 -7.01994e-09
-3.71719e-09 0.0515015 -6.95046e-09
-4.00573e-09 0.0515015 -6.92634e-09
-3.98755e-09 0.0515015 -7.66143e-09
-3.43621e-09 0.0515015 -7.41727e-09
-3.00702e-09 0.0515015 -7.22408e-09
-3.14414e-09 0.0515015 -6.29183e-09
-4.19617e-09 0.0515015 -6.70579e-09
-3.37148e-09 0.0515015 -7.01472e-09
-3.03872e-09 0.0515015 -7.27305e-09
-3.51295e-09 0.0515015 -6.88899e-09
-1.85966e-09 0.0515015 -7.06374e-09
-4.81606e-09 0.0538832 -5.80205e-09
-4.37932e-09 0.0538833 -4.72367e-09
-2.88486e-09 0.0538832 -5.61332e-09
-3.17097e-09 0.0538832 -5.94431e-09
-2.18063e-09 0.0538833 -6.57961e-09
-4.54299e-09 0.0538832 -5.12393e-09
-3.61092e-09 0.0538832 -5.83508e-09
-3.10726e-09 0.0538832 -5.80996e-09
-2.89436e-09 0.0538832 -5.56111e-09
-2.54981e-09 0.0538832 -6.38883e-09
-4.65132e-09 0.0538832 -6.03279e-09
-3.34978e-09 0.0538832 -5.87417e-09
-3.07411e-09 0.0538832 -5.91129e-09
-3.01003e-09 0.0538832 -6.32373e-09
-1.69283e-09 0.0538832 -6.13579e-09
-3.70533e-09 0.0538832 -5.50573e-09
-3.74709e-09 0.0538832 -6.13034e-09
-2.92454e-09 0.0538832 -6.00515e-09
-2.56415e-09 0.0538832 -6.02643e-09
-1.97988e-09 0.0538832 -6.51888e-09
-4.51275e-09 0.0538832 -4.70877e-09
-3.64559e-09 0.0538832 -5.86256e-09
-2.14831e-09 0.0538832 -7.08923e-09
-2.36083e-09 0.0538832 -6.13673e-09
-2.20612e-09 0.0538832 -5.25831e-09
-3.45567e-09 0.056041 -3.44426e-09
-2.43187e-09 0.0560409 -4.14133e-09
-2.0832e-09 0.0560409 -4.32896e-09
-3.95775e-09 0.0560409 -3.65206e-09
-9.53673e-10 0.0560409 -4.46727e-09
-2.90871e-09 0.0560409 -3.61614e-09
-2.64456e-09 0.0560409 -4.07933e-09
-2.57511e-09 0.0560409 -4.14761e-09
-2.69413e-09 0.0560409 -4.22596e-09
-1.73673e-09 0.0560409 -3.81926e-09
-3.97861e-09 0.0560409 -3.79719e-09
-3.47495e-09 0.0560409 -3.83675e-09
-2.47061e-09 0.0560409 -3.74662e-09
-1.74642e-09 0.0560409 -4.10646e-09
-1.97581e-09 0.0560409 -4.61698e-09
-3.12328e-09 0.0560409 -3.70039e-09
-3.46899e-09 0.0560409 -4.05477e-09
-2.66079e-09 0.0560409 -3.92371e-09
-1.92291e-09 0.0560409 -3.92064e-09
-9.17912e-10 0.0560409 -3.97139e-09
-2.50551e-09 0.0560409 -3.76701e-09
-3.60608e-09 0.0560409 -5.28492e-09
-2.7603e-09 0.0560409 -4.33842e-09
-1.93417e-09 0.0560409 -4.6352e-09
-1.52588e-09 0.0560409 -3.72231e-09
-5.72206e-10 0.0579264 -2.563e-10
-2.38419e-09 0.0579264 -1.29594e-09
-1.19209e-09 0.0579264 -1.55419e-09
-2.65837e-09 0.0579264 -1.99386e-09
-2.58112e-09 0.0579264 -7.72891e-10
-2.03452e-09 0.0579264 -9.28342e-10
-1.42306e-09 0.0579264 -1.15037e-09
-1.74046e-09 0.0579264 -8.34465e-10
-2.08616e-09 0.0579264 -1.79261e-09
-1.4469e-09 0.0579264 -5.0423e-10
-2.70362e-09 0.0579263 -1.23796e-09
-1.83261e-09 0.0579264 -1.03116e-09
-1.81198e-09 0.0579264 -9.49202e-10
-2.10702e-09 0.0579264 -1.25431e-09
4.32689e-10 0.0579264 -1.19547e-09
-2.99958e-09 0.0579263 -8.46962e-10
-2.22973e-09 0.0579263 -1.6883e-09
-1.65701e-09 0.0579264 -1.45435e-09
-9.29834e-10 0.0579263 -1.54976e-09
-1.06096e-09 0.0579263 -1.27301e-09
-1.51188e-09 0.0579263 -1.39475e-09
-2.58088e-09 0.0579263 -1.95588e-09
-1.28116e-09 0.0579263 -6.80233e-10
-5.87645e-10 0.0579263 -2.14216e-09
-1.24138e-09 0.0579263 -8.11365e-10
3.75797e-11 0.0594879 2.09809e-09
-2.41935e-10 0.0594879 2.4844e-09
-6.72462e-10 0.0594879 1.08875e-09
-2.16961e-09 0.0594879 2.71648e-09
-6.40088e-10 0.0594879 1.56301e-09
1.4305e-10 0.0594879 2.46584e-09
-2.30968e-10 0.0594879 1.50951e-09
-6.19888e-10 0.0594879 1.93559e-09
-1.57356e-09 0.0594879 1.8508e-09
-4.29154e-10 0.0594879 2.31406e-09
-2.44975e-09 0.0594879 2.3447e-09
-5.97689e-10 0.0594879 2.59548e-09
-1.07977e-09 0.0594879 1.49877e-09
-3.81469e-10 0.0594879 2.26551e-09
-3.39746e-10 0.0594879 2.69091e-09
-1.19202e-11 0.0594879 1.30573e-09
-1.23978e-09 0.0594879 2.5527e-09
-5.04218e-10 0.0594879 2.15154e-09
-6.85453e-10 0.0594879 1.30359e-09
1.41859e-09 0.0594878 2.08095e-09
-1.95234e-10 0.0594879 2.90689e-09
-1.01271e-09 0.0594879 2.46502e-09
-1.65105e-09 0.0594879 2.00546e-09
6.2036e-10 0.0594879 1.95503e-09
-2.38418e-11 0.0594878 1.59442e-09
2.01727e-10 0.0606715 5.71115e-09
8.94069e-10 0.0606715 5.31676e-09
2.7314e-10 0.0606715 4.99709e-09
-5.96048e-11 0.0606715 4.78785e-09
9.29639e-11 0.0606715 5.56708e-09
4.82801e-10 0.0606715 5.15064e-09
5.51342e-10 0.0606715 5.28827e-09
1.04904e-09 0.0606715 4.83978e-09
-3.18123e-10 0.0606715 5.31362e-09
1.19209e-09 0.0606715 5.56083e-09
2.1704e-11 0.0606715 5.47274e-09
7.01099e-10 0.0606715 5.40794e-09
1.04904e-09 0.0606715 4.77717e-09
2.97981e-10 0.0606715 5.71531e-09
-1.90736e-10 0.0606715 5.66958e-09
8.04663e-10 0.0606715 5.9184e-09
8.16498e-11 0.0606715 5.58675e-09
7.51426e-10 0.0606715 5.76158e-09
6.61942e-10 0.0606715 5.67407e-09
2.42316e-09 0.0606715 6.17653e-09
-6.55649e-10 0.0606715 4.58685e-09
8.22133e-10 0.0606715 5.55401e-09
5.27873e-10 0.0606715 6.16312e-09
2.6226e-10 0.0606715 5.99375e-09
2.13496e-09 0.0606714 6.61555e-09
1.62124e-09 0.0614226 9.44138e-09
2.45843e-09 0.0614226 8.95681e-09
1.86029e-09 0.0614226 8.52942e-09
1.39847e-09 0.0614226 8.16269e-09
1.923e-09 0.0614226 9.83475e-09
3.02791e-09 0.0614226 9.21395e-09
2.08579e-09 0.0614226 9.12352e-09
1.90735e-09 0.0614226 8.5276e-09
2.06083e-09 0.0614226 8.11157e-09
-4.52989e-10 0.0614226 8.75414e-09
3.22386e-09 0.0614226 9.00581e-09
2.0057e-09 0.0614226 9.23741e-09
2.3365e-09 0.0614226 9.08672e-09
1.50203e-09 0.0614226 8.60952e-09
1.18018e-09 0.0614226 9.13291e-09
2.22325e-09 0.0614226 9.14373e-09
2.25902e-09 0.0614226 9.71141e-09
2.04342e-09 0.0614226 9.75612e-09
1.69247e-09 0.0614226 9.76673e-09
4.53001e-10 0.0614226 9.90312e-09
2.38418e-09 0.0614226 9.5319e-09
3.19805e-09 0.0614226 9.00511e-09
1.5651e-09 0.0614226 1.02311e-08
1.48423e-09 0.0614226 9.92948e-09
-8.0354e-10 0.0614226 1.10077e-08
6.05314e-09 0.0616882 1.33754e-08
3.56137e-09 0.0616882 1.3521e-08
4.1591e-09 0.0616882 1.18746e-08
3.63756e-09 0.0616882 1.24586e-08
2.99213e-09 0.0616882 1.26245e-08
4.58779e-09 0.0616882 1.34238e-08
3.82026e-09 0.0616882 1.28808e-08
3.9588e-09 0.0616882 1.23652e-08
3.31253e-09 0.0616882 1.21844e-08
2.18709e-09 0.0616882 1.17449e-08
4.70441e-09 0.0616882 1.41911e-08
4.30345e-09 0.0616882 1.36093e-08
4.20706e-09 0.0616882 1.32233e-08
3.07911e-09 0.0616882 1.32122e-08
1.9476e-09 0.0616882 1.35927e-08
5.41255e-09 0.0616882 1.44369e-08
4.48096e-09 0.0616882 1.40578e-08
3.68496e-09 0.0616882 1.47566e-08
2.84967e-09 0.0616882 1.34682e-08
2.74607e-09 0.0616882 1.40426e-08
5.5313e-09 0.0616882 1.33509e-08
4.62084e-09 0.0616882 1.44381e-08
3.27406e-09 0.0616882 1.34734e-08
3.85455e-09 0.0616882 1.40667e-08
2.97872e-09 0.0616882 1.32718e-08
5.206e-09 0.0614206 1.82569e-08
6.05585e-09 0.0614206 1.80579e-08
5.66244e-09 0.0614206 1.73937e-08
5.60282e-09 0.0614206 1.65762e-08
6.71969e-09 0.0614206 1.58714e-08
5.5193e-09 0.0614206 1.8612e-08
6.27379e-09 0.0614206 1.80177e-08
6.39272e-09 0.0614206 1.72405e-08
4.94699e-09 0.0614206 1.71728e-08
5.2453e-09 0.0614206 1.6947e-08
8.04991e-09 0.0614206 1.92674e-08
6.02009e-09 0.0614206 1.82184e-08
6.27041e-09 0.0614206 1.81518e-08
5.04869e-09 0.0614206 1.75634e-08
4.22457e-09 0.0614206 1.77006e-08
7.22996e-09 0.0614206 1.88311e-08
6.72938e-09 0.0614206 1.91206e-08
5.77704e-09 0.0614206 1.87557e-08
5.04551e-09 0.0614206 1.83676e-08
3.05185e-09 0.0614206 1.81736e-08
9.41746e-09 0.0614206 1.90973e-08
6.43732e-09 0.0614206 1.94593e-08
6.00814e-09 0.0614206 1.91196e-08
5.31077e-09 0.0614206 1.88806e-08
1.46634e-09 0.0614206 2.01811e-08
1.00854e-08 0.0605812 2.38061e-08
9.29824e-09 0.0605812 2.53783e-08
7.08356e-09 0.0605812 2.23462e-08
7.63802e-09 0.0605812 2.21551e-08
9.05592e-09 0.0605812 2.20663e-08
9.36945e-09 0.0605812 2.41688e-08
8.33711e-09 0.0605812 2.41319e-08
8.37857e-09 0.0605812 2.36904e-08
6.82702e-09 0.0605812 2.18864e-08
6.58e-09 0.0605812 2.27427e-08
8.485e-09 0.0605812 2.33469e-08
9.65587e-09 0.0605812 2.38302e-08
8.34466e-09 0.0605812 2.33928e-08
7.20034e-09 0.0605812 2.32099e-08
6.26114e-09 0.0605812 2.29561e-08
9.45958e-09 0.0605812 2.38231e-08
9.73366e-09 0.0605812 2.36966e-08
8.38291e-09 0.0605812 2.41726e-08
7.46228e-09 0.0605812 2.37323e-08
5.6472e-09 0.0605812 2.45218e-08
8.48798e-09 0.0605812 2.44977e-08
8.29688e-09 0.0605812 2.36883e-08
9.25025e-09 0.0605812 2.52134e-08
7.47444e-09 0.0605812 2.51474e-08
8.24904e-09 0.0605812 2.57713e-08
1.36445e-08 0.0591468 2.91397e-08
1.272e-08 0.0591468 3.04136e-08
1.10402e-08 0.0591468 2.93122e-08
9.22658e-09 0.0591468 2.8546e-08
9.83148e-09 0.0591468 2.86434e-08
1.35748e-08 0.0591468 2.97029e-08
1.22074e-08 0.0591468 2.98285e-08
1.11965e-08 0.0591468 2.93099e-08
9.75526e-09 0.0591468 2.86041e-08
9.44266e-09 0.0591468 2.8419e-08
1.38138e-08 0.0591468 2.9652e-08
1.21179e-08 0.0591468 2.98155e-08
1.14787e-08 0.0591468 2.91407e-08
9.77478e-09 0.0591468 2.82523e-08
9.33567e-09 0.0591468 2.93715e-08
1.31118e-08 0.0591468 3.04451e-08
1.2665e-08 0.0591468 2.99707e-08
1.06339e-08 0.0591468 2.95335e-08
9.65566e-09 0.0591468 3.0016e-08
8.89428e-09 0.0591468 2.9446e-08
1.24468e-08 0.0591468 3.07357e-08
1.25948e-08 0.0591468 2.97718e-08
1.18255e-08 0.0591468 3.05164e-08
9.91406e-09 0.0591468 2.9796e-08
7.32998e-09 0.0591468 3.18485e-08
1.54066e-08 0.0571169 3.46884e-08
1.5341e-08 0.0571169 3.51414e-08
1.35424e-08 0.0571169 3.50049e-08
1.24463e-08 0.0571169 3.58116e-08
1.10591e-08 0.0571169 3.43549e-08
1.66226e-08 0.0571169 3.51334e-08
1.53126e-08 0.0571169 3.48104e-08
1.40278e-08 0.0571169 3.49393e-08
1.27695e-08 0.0571169 3.48783e-08
1.17254e-08 0.0571169 3.51696e-08
1.56724e-08 0.0571169 3.59827e-08
1.53411e-08 0.0571169 3.47202e-08
1.37549e-08 0.0571169 3.4576e-08
1.22323e-08 0.0571169 3.48327e-08
1.24022e-08 0.0571169 3.50224e-08
1.53837e-08 0.0571169 3.52117e-08
1.53923e-08 0.0571169 3.53563e-08
1.36966e-08 0.0571169 3.43594e-08
1.29479e-08 0.0571169 3.53106e-08
1.04618e-08 0.0571169 3.60566e-08
1.717e-08 0.0571169 3.53342e-08
1.50669e-08 0.0571169 3.57862e-08
1.32431e-08 0.0571169 3.41353e-08
1.20046e-08 0.0571169 3.52276e-08
9.86609e-09 0.0571169 3.51454e-08
2.07606e-08 0.0545237 4.17608e-08
1.86939e-08 0.0545236 4.14096e-08
1.71405e-08 0.0545237 4.14983e-08
1.50436e-08 0.0545237 4.12326e-08
1.39845e-08 0.0545236 4.12258e-08
1.91496e-08 0.0545237 4.12971e-08
1.81112e-08 0.0545237 4.08008e-08
1.67599e-08 0.0545236 4.11602e-08
1.56136e-08 0.0545237 4.02273e-08
1.46568e-08 0.0545237 4.15851e-08
1.81829e-08 0.0545237 4.11613e-08
1.85829e-08 0.0545237 4.05752e-08
1.67841e-08 0.0545237 4.02501e-08
1.49435e-08 0.0545236 4.0511e-08
1.63128e-08 0.0545236 4.02739e-08
1.93428e-08 0.0545237 3.99588e-08
1.79601e-08 0.0545237 4.031e-08
1.67353e-08 0.0545237 3.96623e-08
1.58448e-08 0.0545236 4.02535e-08
1.43348e-08 0.0545236 4.10506e-08
1.8153e-08 0.0545237 4.03175e-08
1.68368e-08 0.0545237 4.0016e-08
1.70218e-08 0.0545237 3.98562e-08
1.66527e-08 0.0545237 4.05446e-08
1.30146e-08 0.0545237 4.05569e-08
2.42473e-08 0.0514442 4.74915e-08
2.09316e-08 0.0514442 4.61003e-08
2.02428e-08 0.0514442 4.71124e-08
1.79082e-08 0.0514442 4.66551e-08
1.67636e-08 0.0514442 4.6145e-08
2.2772e-08 0.0514442 4.62447e-08
2.14337e-08 0.0514442 4.68693e-08
2.00345e-08 0.0514442 4.5945e-08
1.82345e-08 0.0514442 4.61947e-08
1.58497e-08 0.0514442 4.69127e-08
2.2999e-08 0.0514443 4.59896e-08
2.11494e-08 0.0514442 4.57014e-08
1.93982e-08 0.0514442 4.54132e-08
1.86286e-08 0.0514442 4.6441e-08
1.6196e-08 0.0514442 4.69702e-08
2.1735e-08 0.0514442 4.61727e-08
2.12214e-08 0.0514442 4.52998e-08
1.99324e-08 0.0514442 4.57989e-08
1.85285e-08 0.0514442 4.59557e-08
1.79583e-08 0.0514442 4.58451e-08
2.21794e-08 0.0514442 4.55585e-08
2.03547e-08 0.0514443 4.59089e-08
1.97547e-08 0.0514442 4.48107e-08
1.86265e-08 0.0514442 4.61577e-08
1.97363e-08 0.0514442 4.63111e-08
2.50437e-08 0.0480169 5.11702e-08
2.42436e-08 0.0480169 5.33548e-08
2.26346e-08 0.0480169 5.16147e-08
2.03776e-08 0.0480169 5.06916e-08
1.93336e-08 0.0480169 5.30316e-08
2.6359e-08 0.0480169 5.22871e-08
2.46681e-08 0.0480169 5.10802e-08
2.25472e-08 0.0480169 5.13723e-08
2.07752e-08 0.0480169 5.13966e-08
1.95261e-08 0.0480169 5.11719e-08
2.68852e-08 0.0480169 5.17969e-08
2.43135e-08 0.0480169 5.16593e-08
2.26656e-08 0.0480169 5.13655e-08
2.10046e-08 0.0480169 5.14e-08
1.89986e-08 0.0480169 5.15372e-08
2.64211e-08 0.0480169 5.12545e-08
2.39236e-08 0.0480169 5.1307e-08
2.28741e-08 0.0480169 5.09456e-08
2.08971e-08 0.0480169 5.13046e-08
1.88912e-08 0.0480169 5.18999e-08
2.55769e-08 0.0480169 5.16371e-08
2.4686e-08 0.0480169 5.12066e-08
2.31686e-08 0.0480169 5.15359e-08
2.16118e-08 0.0480169 5.19479e-08
2.11111e-08 0.0480169 5.12844e-08
2.80873e-08 0.0444607 5.6968e-08
2.83767e-08 0.0444607 5.69137e-08
2.61786e-08 0.0444607 5.66594e-08
2.26404e-08 0.0444607 5.65533e-08
1.97228e-08 0.0444607 5.49584e-08
2.98236e-08 0.0444607 5.64537e-08
2.74837e-08 0.0444607 5.68551e-08
2.59665e-08 0.0444607 5.64691e-08
2.28898e-08 0.0444607 5.65336e-08
2.08585e-08 0.0444607 5.60672e-08
2.97844e-08 0.0444607 5.61013e-08
2.74433e-08 0.0444607 5.62191e-08
2.58507e-08 0.0444607 5.58921e-08
2.29311e-08 0.0444607 5.64958e-08
2.14864e-08 0.0444607 5.60823e-08
2.99609e-08 0.0444607 5.57749e-08
2.70673e-08 0.0444607 5.60566e-08
2.52486e-08 0.0444607 5.5837e-08
2.39084e-08 0.0444607 5.57477e-08
2.149e-08 0.0444607 5.58041e-08
2.96268e-08 0.0444607 5.38181e-08
2.71359e-08 0.0444607 5.62097e-08
2.61004e-08 0.0444607 5.68164e-08
2.4003e-08 0.0444607 5.62844e-08
2.16688e-08 0.0444607 5.61683e-08
3.12999e-08 0.0411009 6.0726e-08
3.18184e-08 0.0411009 6.08727e-08
2.9202e-08 0.0411009 5.83769e-08
2.42838e-08 0.0411009 5.93547e-08
2.35403e-08 0.0411009 5.86908e-08
3.06735e-08 0.0411009 6.05225e-08
2.97708e-08 0.0411009 5.90246e-08
2.89945e-08 0.0411009 6.00862e-08
2.48278e-08 0.0411009 6.10344e-08
2.26723e-08 0.0411009 5.93895e-08
3.1947e-08 0.0411009 5.86667e-08
2.94743e-08 0.0411009 5.89613e-08
2.7825e-08 0.0411009 5.94311e-08
2.45435e-08 0.0411009 5.95111e-08
2.23833e-08 0.0411009 5.85909e-08
3.27379e-08 0.0411009 6.01524e-08
3.00127e-08 0.0411009 5.95106e-08
2.74528e-08 0.0411009 5.83459e-08
2.53852e-08 0.0411009 5.76499e-08
2.28457e-08 0.0411009 5.91721e-08
3.03727e-08 0.0411009 5.84858e-08
2.94758e-08 0.0411009 5.94701e-08
2.74137e-08 0.0411009 5.78196e-08
2.50049e-08 0.0411009 5.94883e-08
2.76058e-08 0.0411009 5.85573e-08
3.07623e-08 0.0384002 5.5597e-08
3.12667e-08 0.0384002 5.87111e-08
3.14063e-08 0.0384002 5.69831e-08
2.69423e-08 0.0384002 6.01734e-08
2.09299e-08 0.0384003 5.85573e-08
2.92889e-08 0.0384002 5.8642e-08
3.23091e-08 0.0384002 5.92614e-08
3.1195e-08 0.0384003 5.93405e-08
2.43786e-08 0.0384003 6.11511e-08
2.28156e-08 0.0384003 6.13537e-08
3.39196e-08 0.0384002 5.92636e-08
3.21978e-08 0.0384002 5.81738e-08
3.01714e-08 0.0384003 5.8028e-08
2.52271e-08 0.0384003 5.95715e-08
2.24471e-08 0.0384003 6.17655e-08
3.39145e-08 0.0384002 6.30013e-08
3.15515e-08 0.0384003 6.14741e-08
2.93991e-08 0.0384003 6.04368e-08
2.69223e-08 0.0384003 6.09574e-08
2.57915e-08 0.0384003 5.9958e-08
3.82678e-08 0.0384002 6.79503e-08
3.06766e-08 0.0384003 6.64109e-08
2.94333e-08 0.0384003 6.37345e-08
2.82993e-08 0.0384003 5.74174e-08
2.55541e-08 0.0384003 5.36585e-08
2.22051e-08 0.0369976 4.8277e-08
3.67237e-08 0.0369975 5.28609e-08
2.89837e-08 0.0369975 5.29308e-08
2.00388e-08 0.0369976 4.47753e-08
2.95448e-08 0.0369976 5.39366e-08
3.03814e-08 0.0369975 4.99481e-08
3.36155e-08 0.0369976 5.11101e-08
2.78278e-08 0.0369976 5.52694e-08
2.30155e-08 0.0369976 5.2509e-08
1.71217e-08 0.0369976 5.296e-08
3.64966e-08 0.0369976 5.8742e-08
3.10654e-08 0.0369975 5.72014e-08
3.04639e-08 0.0369976 5.75527e-08
2.50533e-08 0.0369977 5.78068e-08
1.88989e-08 0.0369977 5.61105e-08
3.85014e-08 0.0369975 6.67543e-08
3.34451e-08 0.0369976 6.41106e-08
2.97968e-08 0.0369976 6.2962e-08
2.68617e-08 0.0369977 6.01405e-08
2.52705e-08 0.0369977 5.7035e-08
3.49851e-08 0.0369976 7.02303e-08
3.73757e-08 0.0369975 7.10862e-08
2.66485e-08 0.0369977 6.62432e-08
2.52861e-08 0.0369976 6.28559e-08
3.97521e-08 0.0369977 6.159e-08
3.27343e-08 0.0377559 5.59013e-08
3.01467e-08 0.037756 -8.29181e-09
2.08602e-08 0.037756 7.02782e-08
2.28396e-08 0.0377562 2.15172e-08
2.40826e-08 0.0377562 2.50848e-08
3.1021e-08 0.037756 1.35416e-08
2.73269e-08 0.0377561 4.15367e-08
2.59482e-08 0.0377562 4.4621e-08
2.34865e-08 0.0377562 4.27483e-08
1.27913e-08 0.0377563 2.83949e-08
3.5052e-08 0.037756 4.22905e-08
3.35777e-08 0.0377561 4.78349e-08
2.67858e-08 0.0377562 5.14631e-08
2.56956e-08 0.0377563 3.00562e-08
1.22497e-08 0.0377564 4.08781e-08
3.27122e-08 0.0377561 6.18729e-08
3.21623e-08 0.0377561 7.22006e-08
2.93335e-08 0.0377562 6.95788e-08
2.55872e-08 0.0377564 6.40339e-08
2.15951e-08 0.0377563 4.10936e-08
5.30912e-08 0.037756 9.42014e-08
3.1203e-08 0.0377563 6.82945e-08
2.09981e-08 0.0377562 5.9237e-08
2.5367e-08 0.0377564 6.82879e-08
2.42883e-08 0.0377563 7.70532e-08
-1.71706e-08 0.0418229 -8.30896e-08
4.09182e-08 0.0418227 3.30772e-10
3.31695e-08 0.041823 1.35803e-07
-1.0311e-08 0.0418231 3.03432e-08
2.04429e-08 0.0418235 -2.89319e-08
7.65851e-09 0.0418229 1.41804e-08
2.6527e-08 0.0418223 3.39433e-08
1.54283e-08 0.0418228 2.16123e-08
2.83961e-08 0.0418229 8.30084e-08
1.93562e-08 0.0418234 1.39655e-08
4.60738e-08 0.0418227 3.99866e-08
4.43633e-08 0.0418228 1.96804e-08
2.41118e-08 0.0418228 3.98042e-08
1.97372e-08 0.0418231 2.23755e-08
2.40367e-08 0.0418235 1.849e-08
4.48444e-08 0.0418223 7.38591e-08
4.27073e-08 0.0418229 6.98975e-08
1.52324e-08 0.041823 5.97856e-08
2.39018e-08 0.0418231 2.87014e-08
8.64375e-08 0.0418234 -1.48492e-08
4.59057e-08 0.0418226 1.15776e-07
9.22174e-09 0.0418227 1.44291e-07
3.01807e-08 0.0418229 5.3435e-08
2.76236e-08 0.0418234 -1.50144e-08
4.39223e-08 0.0418233 2.40634e-08
5.46235e-08 0.0507011 2.37998e-08
6.47419e-08 0.0507007 3.69376e-08
5.63797e-08 0.0507009 1.66597e-08
-6.31368e-08 0.0507002 3.75472e-08
-4.63818e-08 0.050703 5.98859e-08
4.10485e-08 0.0506999 -3.5602e-09
3.04754e-08 0.0507007 2.20844e-08
2.22076e-09 0.0507009 4.51147e-08
2.5716e-10 0.0507014 2.41146e-08
4.25421e-08 0.0507019 2.43461e-08
4.75294e-08 0.0507002 3.06716e-08
3.69789e-09 0.0507016 1.39863e-08
2.89058e-08 0.0507009 1.47753e-08
1.96414e-08 0.0507014 1.7803e-08
2.82707e-08 0.0507016 1.98038e-08
7.75825e-08 0.0507011 4.85551e-08
2.0348e-08 0.0506997 3.87765e-08
1.02201e-08 0.0507014 1.06614e-08
9.64776e-09 0.0507011 1.02258e-08
1.56474e-07 0.0507014 6.53904e-09
2.17351e-07 0.0507011 1.77558e-08
3.86249e-08 0.0507019 6.02045e-08
-6.00199e-08 0.0507014 -6.84943e-09
6.60023e-08 0.0507007 1.25348e-08
1.09256e-07 0.0507002 -1.06523e-08
0 0.05 0
0 0.05 0
0 0.05 0
0 0.05 0
0 0.05 0
0 0.05 0
0 0.05 0
0 0.05 0
0 0.05 0
0 0.05 0
0 0.05 0
0 0.05 0
0 0.05 0
0 0.05 0
0 0.05 0
0 0.05 0
0 0.05 0
0 0.05 0
0 0.05 0
0 0.05 0
0 0.05 0
0 0.05 0
0 0.05 0
0 0.05 0
0 0.05 0
