0 0 0
0 0 0
0 0 0
0 0 0
0 0 0
0 0 0
0 0 0
0 0 0
0 0 0
0 0 0
0 0 0
0 0 0
0 0 0
0 0 0
0 0 0
0 0 0
0 0 0
0 0 0
0 0 0
0 0 0
0 0 0
0 0 0
0 0 0
0 0 0
0 0 0
-5.11109e-10 0.000531028 1.84038e-09
-8.33347e-10 0.000531027 1.84214e-09
-1.04793e-09 0.000531028 1.91313e-09
-1.26209e-09 0.000531027 1.87654e-09
-1.59205e-09 0.000531028 1.88796e-09
-5.50257e-10 0.000531028 1.8657e-09
-8.3786e-10 0.000531028 1.87086e-09
-1.02443e-09 0.000531028 1.85433e-09
-1.26714e-09 0.000531027 1.85022e-09
-1.57856e-09 0.000531027 1.86018e-09
-5.39364e-10 0.000531027 1.8871e-09
-8.54486e-10 0.000531027 1.87734e-09
-1.04743e-09 0.000531028 1.91533e-09
-1.21731e-09 0.000531027 1.88048e-09
-1.59029e-09 0.000531027 1.85593e-09
-4.89366e-10 0.000531027 1.85364e-09
-8.61007e-10 0.000531027 1.87234e-09
-1.05172e-09 0.000531027 1.83105e-09
-1.28498e-09 0.000531027 1.87535e-09
-1.56142e-09 0.000531027 1.88007e-09
-5.31977e-10 0.000531027 1.94797e-09
-8.28034e-10 0.000531027 1.87249e-09
-1.05845e-09 0.000531027 1.83169e-09
-1.25947e-09 0.000531026 1.84124e-09
-1.60883e-09 0.000531027 1.8865e-09
-1.48501e-09 0.00109045 3.76501e-09
-1.85594e-09 0.00109045 3.6883e-09
-2.08813e-09 0.00109045 3.69977e-09
-2.38342e-09 0.00109045 3.72101e-09
-2.60658e-09 0.00109045 3.77664e-09
-1.50353e-09 0.00109045 3.74654e-09
-1.78526e-09 0.00109045 3.73955e-09
-2.05417e-09 0.00109045 3.65965e-09
-2.38977e-09 0.00109045 3.70221e-09
-2.77831e-09 0.00109045 3.71157e-09
-1.41561e-09 0.00109045 3.74323e-09
-1.78255e-09 0.00109045 3.74058e-09
-2.06382e-09 0.00109045 3.72549e-09
-2.31937e-09 0.00109045 3.68726e-09
-2.70232e-09 0.00109045 3.69661e-09
-1.47598e-09 0.00109045 3.68818e-09
-1.80305e-09 0.00109045 3.69161e-09
-2.09933e-09 0.00109045 3.71299e-09
-2.3855e-09 0.00109045 3.67825e-09
-2.66079e-09 0.00109045 3.68555e-09
-1.32099e-09 0.00109045 3.59382e-09
-1.81162e-09 0.00109045 3.70742e-09
-2.13875e-09 0.00109045 3.67885e-09
-2.42703e-09 0.00109045 3.76041e-09
-2.57912e-09 0.00109045 3.68374e-09
-2.446e-09 0.00170485 5.48904e-09
-2.70605e-09 0.00170485 5.41349e-09
-3.11601e-09 0.00170485 5.46538e-09
-3.40863e-09 0.00170485 5.34602e-09
-3.61502e-09 0.00170485 5.42803e-09
-2.42742e-09 0.00170485 5.35926e-09
-2.77091e-09 0.00170485 5.41818e-09
-3.05244e-09 0.00170485 5.40077e-09
-3.3953e-09 0.00170485 5.401e-09
-3.47849e-09 0.00170485 5.38845e-09
-2.45595e-09 0.00170485 5.35842e-09
-2.69002e-09 0.00170485 5.36e-09
-3.04953e-09 0.00170485 5.37434e-09
-3.33475e-09 0.00170485 5.39348e-09
-3.67638e-09 0.00170485 5.35411e-09
-2.37966e-09 0.00170485 5.24244e-09
-2.75148e-09 0.00170485 5.32458e-09
-3.07107e-09 0.00170485 5.29731e-09
-3.38695e-09 0.00170485 5.26573e-09
-3.74865e-09 0.00170485 5.35156e-09
-2.34482e-09 0.00170485 5.31729e-09
-2.61074e-09 0.00170485 5.17665e-09
-3.15575e-09 0.00170485 5.28233e-09
-3.41507e-09 0.00170485 5.27797e-09
-3.67014e-09 0.00170485 5.20083e-09
-3.39948e-09 0.00239725 6.78455e-09
-3.78447e-09 0.00239725 6.55554e-09
-4.06613e-09 0.00239725 6.62068e-09
-4.22712e-09 0.00239725 6.68831e-09
-4.39881e-09 0.00239725 6.782e-09
-3.4807e-09 0.00239725 6.69396e-09
-3.67307e-09 0.00239725 6.70864e-09
-3.98475e-09 0.00239725 6.75723e-09
-4.26657e-09 0.00239725 6.76008e-09
-4.44035e-09 0.00239725 6.61043e-09
-3.58717e-09 0.00239725 6.52658e-09
-3.77147e-09 0.00239725 6.6363e-09
-3.96258e-09 0.00239725 6.60847e-09
-4.16213e-09 0.00239725 6.57033e-09
-4.40927e-09 0.00239725 6.66933e-09
-3.46522e-09 0.00239725 6.51684e-09
-3.71625e-09 0.00239725 6.58486e-09
-4.05076e-09 0.00239725 6.62223e-09
-4.22782e-09 0.00239725 6.70298e-09
-4.54292e-09 0.00239725 6.59687e-09
-3.36107e-09 0.00239725 6.64614e-09
-3.70758e-09 0.00239725 6.54856e-09
-3.89696e-09 0.00239725 6.64418e-09
-4.40042e-09 0.00239725 6.61251e-09
-4.33285e-09 0.00239725 6.50511e-09
-4.77952e-09 0.00318541 7.43309e-09
-4.80326e-09 0.00318541 7.51559e-09
-5.04497e-09 0.00318541 7.4443e-09
-4.93081e-09 0.00318541 7.49538e-09
-4.80578e-09 0.00318541 7.35815e-09
-4.54583e-09 0.00318541 7.45451e-09
-4.75967e-09 0.00318541 7.51513e-09
-4.76407e-09 0.00318541 7.43373e-09
-4.96645e-09 0.00318541 7.45555e-09
-5.00325e-09 0.00318541 7.60567e-09
-4.5133e-09 0.00318541 7.35265e-09
-4.78026e-09 0.00318541 7.39158e-09
-4.7989e-09 0.00318541 7.53754e-09
-4.90475e-09 0.00318541 7.53786e-09
-4.95893e-09 0.00318541 7.52214e-09
-4.76842e-09 0.00318541 7.45024e-09
-4.64988e-09 0.00318541 7.48858e-09
-4.76949e-09 0.00318541 7.56556e-09
-5.05299e-09 0.00318541 7.59065e-09
-4.95319e-09 0.00318541 7.62308e-09
-4.63915e-09 0.00318541 7.61892e-09
-4.40929e-09 0.00318541 7.58892e-09
-4.81567e-09 0.00318541 7.64284e-09
-5.05349e-09 0.00318541 7.4737e-09
-5.04254e-09 0.00318541 7.44379e-09
-5.6587e-09 0.00408034 7.79399e-09
-5.86454e-09 0.00408034 7.87668e-09
-5.52637e-09 0.00408034 7.72401e-09
-5.4384e-09 0.00408034 7.71381e-09
-5.27073e-09 0.00408034 8.0143e-09
-5.56674e-09 0.00408034 7.91184e-09
-5.65935e-09 0.00408034 7.8503e-09
-5.5801e-09 0.00408034 7.91337e-09
-5.49858e-09 0.00408034 7.83917e-09
-5.48583e-09 0.00408034 7.86423e-09
-5.83695e-09 0.00408034 7.89578e-09
-5.57899e-09 0.00408034 7.92623e-09
-5.54502e-09 0.00408034 7.92864e-09
-5.52837e-09 0.00408034 7.94082e-09
-5.63599e-09 0.00408034 7.86811e-09
-5.60396e-09 0.00408034 7.8905e-09
-5.50523e-09 0.00408034 7.96685e-09
-5.60022e-09 0.00408034 8.01947e-09
-5.72275e-09 0.00408034 7.97442e-09
-5.60288e-09 0.00408034 8.01776e-09
-5.46577e-09 0.00408034 7.8741e-09
-5.46352e-09 0.00408034 7.88845e-09
-5.64057e-09 0.00408034 7.84736e-09
-5.76375e-09 0.00408034 8.14715e-09
-5.34058e-09 0.00408034 8.03156e-09
-6.30467e-09 0.00508512 7.72562e-09
-6.22484e-09 0.00508512 7.87374e-09
-6.24432e-09 0.00508512 7.83981e-09
-5.91978e-09 0.00508512 7.67148e-09
-5.72204e-09 0.00508512 7.65584e-09
-6.43071e-09 0.00508512 7.7596e-09
-6.35106e-09 0.00508512 7.8386e-09
-6.21089e-09 0.00508512 7.79757e-09
-6.11192e-09 0.00508512 7.89611e-09
-5.87798e-09 0.00508512 7.80907e-09
-6.29567e-09 0.00508512 7.97292e-09
-6.35089e-09 0.00508512 7.83336e-09
-6.31519e-09 0.00508512 7.91272e-09
-6.00727e-09 0.00508512 7.93342e-09
-5.90604e-09 0.00508512 7.96274e-09
-6.39704e-09 0.00508512 7.8497e-09
-6.3014e-09 0.00508512 8.03835e-09
-6.17544e-09 0.00508512 7.86856e-09
-6.14747e-09 0.00508512 8.10939e-09
-5.88449e-09 0.00508512 7.97299e-09
-6.49504e-09 0.00508512 7.85587e-09
-6.2369e-09 0.00508512 7.88378e-09
-6.24332e-09 0.00508512 7.79625e-09
-6.05429e-09 0.00508512 7.98494e-09
-6.06777e-09 0.00508512 8.15044e-09
-7.02355e-09 0.00619427 7.47178e-09
-7.01993e-09 0.00619427 7.24524e-09
-6.55563e-09 0.00619427 7.41941e-09
-6.44179e-09 0.00619427 7.36684e-09
-5.92945e-09 0.00619427 7.30141e-09
-7.10786e-09 0.00619427 7.36749e-09
-6.83307e-09 0.00619427 7.4397e-09
-6.63082e-09 0.00619427 7.46338e-09
-6.41169e-09 0.00619427 7.42358e-09
-6.10127e-09 0.00619427 7.35912e-09
-7.17866e-09 0.00619427 7.33593e-09
-6.9173e-09 0.00619427 7.46485e-09
-6.59365e-09 0.00619427 7.40501e-09
-6.47351e-09 0.00619427 7.46833e-09
-6.12975e-09 0.00619427 7.5121e-09
-7.08846e-09 0.00619427 7.45785e-09
-6.86146e-09 0.00619427 7.42425e-09
-6.6625e-09 0.00619427 7.50816e-09
-6.46556e-09 0.00619427 7.51778e-09
-6.23463e-09 0.00619427 7.50429e-09
-6.67054e-09 0.00619427 7.42612e-09
-6.91536e-09 0.00619427 7.51368e-09
-6.62166e-09 0.00619427 7.438e-09
-6.34158e-09 0.00619427 7.55797e-09
-6.03889e-09 0.00619427 7.49598e-09
-7.32497e-09 0.0073938 6.09034e-09
-7.24286e-09 0.0073938 6.33398e-09
-6.98348e-09 0.0073938 6.43471e-09
-6.48603e-09 0.0073938 6.46598e-09
-6.29009e-09 0.0073938 6.34924e-09
-7.47018e-09 0.0073938 6.44194e-09
-7.26259e-09 0.0073938 6.43667e-09
-6.82267e-09 0.0073938 6.48674e-09
-6.61154e-09 0.0073938 6.37564e-09
-6.34045e-09 0.0073938 6.46649e-09
-7.61899e-09 0.0073938 6.45282e-09
-7.2848e-09 0.0073938 6.50168e-09
-6.83216e-09 0.0073938 6.43736e-09
-6.62155e-09 0.0073938 6.58376e-09
-6.39596e-09 0.0073938 6.66786e-09
-7.53793e-09 0.0073938 6.50048e-09
-7.24161e-09 0.0073938 6.52696e-09
-6.94393e-09 0.0073938 6.61187e-09
-6.63659e-09 0.0073938 6.74552e-09
-6.40825e-09 0.0073938 6.60062e-09
-7.4613e-09 0.0073938 6.59747e-09
-7.15158e-09 0.0073938 6.58323e-09
-7.00236e-09 0.0073938 6.57848e-09
-6.52988e-09 0.0073938 6.62633e-09
-6.62322e-09 0.0073938 6.70668e-09
-7.94281e-09 0.00866215 5.09852e-09
-7.32856e-09 0.00866215 5.03131e-09
-6.9626e-09 0.00866215 5.04386e-09
-6.50881e-09 0.00866215 5.13247e-09
-5.91634e-09 0.00866215 5.35924e-09
-7.90949e-09 0.00866215 4.97124e-09
-7.39819e-09 0.00866215 5.05106e-09
-7.00654e-09 0.00866215 5.11791e-09
-6.59379e-09 0.00866215 5.18172e-09
-6.14764e-09 0.00866215 5.13443e-09
-7.97382e-09 0.00866215 5.13908e-09
-7.40646e-09 0.00866215 5.21441e-09
-6.94543e-09 0.00866215 5.29243e-09
-6.62005e-09 0.00866215 5.27297e-09
-6.25286e-09 0.00866215 5.2639e-09
-7.83133e-09 0.00866215 5.19092e-09
-7.37833e-09 0.00866215 5.18725e-09
-6.90287e-09 0.00866215 5.3163e-09
-6.64829e-09 0.00866215 5.28848e-09
-6.42491e-09 0.00866215 5.31166e-09
-7.63351e-09 0.00866215 5.3887e-09
-7.33514e-09 0.00866215 5.33922e-09
-6.90371e-09 0.00866215 5.18388e-09
-6.80342e-09 0.00866215 5.37726e-09
-6.10527e-09 0.00866215 5.38012e-09
-7.52205e-09 0.00997223 3.4828e-09
-7.41181e-09 0.00997223 3.57969e-09
-6.90812e-09 0.00997223 3.53744e-09
-6.40043e-09 0.00997223 3.72056e-09
-6.17026e-09 0.00997223 3.62867e-09
-7.92856e-09 0.00997223 3.61563e-09
-7.32419e-09 0.00997223 3.5313e-09
-6.84932e-09 0.00997222 3.58094e-09
-6.4653e-09 0.00997223 3.67015e-09
-5.94539e-09 0.00997223 3.71665e-09
-7.94915e-09 0.00997223 3.68908e-09
-7.32195e-09 0.00997223 3.72563e-09
-6.86421e-09 0.00997223 3.70843e-09
-6.56024e-09 0.00997223 3.66999e-09
-6.00626e-09 0.00997223 3.67027e-09
-7.78808e-09 0.00997223 3.70821e-09
-7.29465e-09 0.00997223 3.74628e-09
-6.87455e-09 0.00997223 3.72671e-09
-6.48834e-09 0.00997223 3.78488e-09
-6.09406e-09 0.00997223 3.76327e-09
-7.31424e-09 0.00997223 3.56345e-09
-7.26885e-09 0.00997223 3.68844e-09
-6.75324e-09 0.00997223 3.5475e-09
-6.28439e-09 0.00997223 3.76027e-09
-6.25928e-09 0.00997223 3.79666e-09
-7.55791e-09 0.0112944 1.9269e-09
-6.80838e-09 0.0112944 1.81895e-09
-6.54613e-09 0.0112944 2.11659e-09
-6.15192e-09 0.0112944 1.86114e-09
-5.76971e-09 0.0112944 1.93747e-09
-7.46584e-09 0.0112944 2.01018e-09
-7.02706e-09 0.0112944 2.07803e-09
-6.56755e-09 0.0112944 1.94858e-09
-6.21606e-09 0.0112944 1.99733e-09
-5.80471e-09 0.0112944 1.89433e-09
-7.304e-09 0.0112944 1.85573e-09
-7.06871e-09 0.0112944 2.01249e-09
-6.57958e-09 0.0112944 1.97535e-09
-6.24656e-09 0.0112944 1.99808e-09
-5.78233e-09 0.0112944 2.04325e-09
-7.12544e-09 0.0112944 1.8751e-09
-7.02651e-09 0.0112944 1.9549e-09
-6.48671e-09 0.0112944 1.91107e-09
-6.18341e-09 0.0112944 1.88715e-09
-5.74701e-09 0.0112944 1.86465e-09
-7.46695e-09 0.0112944 1.95531e-09
-6.85217e-09 0.0112944 2.05925e-09
-6.58031e-09 0.0112944 1.86448e-09
-6.17658e-09 0.0112944 1.91829e-09
-6.04392e-09 0.0112944 1.82628e-09
-6.83497e-09 0.0126002 3.4896e-10
-6.21664e-09 0.0126002 3.25003e-10
-5.93071e-09 0.0126002 6.16876e-11
-5.93034e-09 0.0126002 1.03363e-10
-5.2393e-09 0.0126002 -1.25008e-10
-6.68071e-09 0.0126002 3.61865e-10
-6.42092e-09 0.0126002 1.26544e-10
-6.09741e-09 0.0126002 2.87436e-10
-5.67449e-09 0.0126002 2.23237e-10
-5.3093e-09 0.0126002 2.60007e-10
-6.68618e-09 0.0126002 1.10573e-10
-6.39115e-09 0.0126002 3.52703e-10
-5.94168e-09 0.0126002 1.53957e-10
-5.58346e-09 0.0126002 2.63947e-10
-5.40767e-09 0.0126002 8.62119e-11
-6.84615e-09 0.0126002 2.26731e-10
-6.39185e-09 0.0126002 1.22172e-10
-5.87555e-09 0.0126002 2.09946e-10
-5.59964e-09 0.0126002 3.72871e-11
-5.31912e-09 0.0126002 -1.45741e-11
-6.6914e-09 0.0126002 3.78471e-11
-6.42088e-09 0.0126002 1.89831e-10
-5.9834e-09 0.0126002 3.28946e-10
-5.5531e-09 0.0126002 -3.97726e-11
-4.79957e-09 0.0126002 -2.65734e-10
-5.40782e-09 0.0138671 -1.82186e-09
-5.47318e-09 0.0138671 -1.44107e-09
-5.38042e-09 0.0138671 -1.76799e-09
-5.09676e-09 0.0138671 -1.76981e-09
-5.08334e-09 0.0138671 -1.56378e-09
-5.62434e-09 0.0138671 -1.47261e-09
-5.53646e-09 0.0138671 -1.62136e-09
-5.30202e-09 0.0138671 -1.67411e-09
-5.08428e-09 0.0138671 -1.76582e-09
-4.83399e-09 0.0138671 -1.57977e-09
-5.97836e-09 0.0138671 -1.51738e-09
-5.56705e-09 0.0138671 -1.67758e-09
-5.18042e-09 0.0138671 -1.39897e-09
-5.06342e-09 0.0138671 -1.57879e-09
-4.96184e-09 0.0138671 -1.80458e-09
-6.09008e-09 0.0138671 -1.62255e-09
-5.50604e-09 0.0138671 -1.57601e-09
-5.02857e-09 0.0138671 -1.69401e-09
-5.02865e-09 0.0138671 -1.81945e-09
-4.74745e-09 0.0138671 -1.57338e-09
-6.33743e-09 0.0138671 -1.2392e-09
-5.49558e-09 0.0138671 -1.67624e-09
-5.19154e-09 0.0138671 -1.73501e-09
-4.83992e-09 0.0138671 -1.73351e-09
-4.52523e-09 0.0138671 -1.52382e-09
-4.58029e-09 0.015082 -3.02632e-09
-4.46513e-09 0.015082 -3.5663e-09
-4.5992e-09 0.015082 -3.17467e-09
-4.18931e-09 0.015082 -3.65712e-09
-3.75509e-09 0.015082 -3.30883e-09
-4.31253e-09 0.015082 -3.35474e-09
-4.49171e-09 0.015082 -3.04421e-09
-4.52489e-09 0.015082 -3.39467e-09
-4.22948e-09 0.015082 -3.40922e-09
-4.13492e-09 0.015082 -3.48319e-09
-4.84769e-09 0.015082 -3.18236e-09
-4.46816e-09 0.015082 -3.33571e-09
-4.26256e-09 0.015082 -3.38131e-09
-4.23748e-09 0.015082 -3.43742e-09
-3.9619e-09 0.015082 -3.45315e-09
-4.78716e-09 0.015082 -3.22894e-09
-4.77656e-09 0.015082 -3.30868e-09
-4.21867e-09 0.015082 -3.4118e-09
-4.08271e-09 0.015082 -3.47019e-09
-3.7416e-09 0.015082 -3.33793e-09
-4.79819e-09 0.015082 -3.38514e-09
-4.82312e-09 0.015082 -3.31085e-09
-4.31371e-09 0.015082 -3.58061e-09
-4.02984e-09 0.015082 -3.10894e-09
-3.80954e-09 0.015082 -3.17494e-09
-3.82945e-09 0.0162451 -4.50429e-09
-3.42248e-09 0.0162451 -4.76156e-09
-3.49279e-09 0.0162451 -4.64137e-09
-3.47294e-09 0.0162451 -4.95214e-09
-2.91315e-09 0.0162451 -4.7393e-09
-3.94648e-09 0.0162451 -4.64711e-09
-3.34491e-09 0.0162451 -4.73398e-09
-3.42968e-09 0.0162451 -4.8392e-09
-3.29336e-09 0.0162451 -4.77806e-09
-2.98993e-09 0.0162451 -4.75328e-09
-3.56085e-09 0.0162451 -4.74197e-09
-3.55022e-09 0.0162451 -4.64206e-09
-3.2022e-09 0.0162451 -4.76967e-09
-3.30442e-09 0.0162451 -4.99484e-09
-3.03167e-09 0.0162451 -4.86568e-09
-3.55832e-09 0.0162451 -4.79207e-09
-3.56348e-09 0.0162451 -4.77725e-09
-3.25954e-09 0.0162451 -4.65377e-09
-3.14843e-09 0.0162451 -4.71252e-09
-2.75359e-09 0.0162451 -4.86609e-09
-3.73873e-09 0.0162451 -5.01465e-09
-3.37661e-09 0.0162451 -5.05617e-09
-3.3561e-09 0.0162451 -4.56124e-09
-3.01458e-09 0.0162451 -4.70945e-09
-2.70463e-09 0.0162451 -5.01138e-09
-2.17309e-09 0.0173712 -5.37788e-09
-2.3842e-09 0.0173712 -5.31294e-09
-2.18267e-09 0.0173712 -5.63183e-09
-2.40502e-09 0.0173712 -5.38101e-09
-2.00173e-09 0.0173712 -5.6194e-09
-2.21859e-09 0.0173712 -5.44138e-09
-2.36315e-09 0.0173712 -5.65832e-09
-2.25002e-09 0.0173712 -5.53668e-09
-2.30065e-09 0.0173712 -5.82578e-09
-2.04206e-09 0.0173712 -5.62751e-09
-2.36238e-09 0.0173712 -5.58383e-09
-2.32567e-09 0.0173712 -5.91878e-09
-2.28953e-09 0.0173712 -5.89295e-09
-2.03763e-09 0.0173712 -5.78187e-09
-2.34315e-09 0.0173712 -5.66282e-09
-2.18305e-09 0.0173712 -6.05066e-09
-2.29036e-09 0.0173712 -5.86162e-09
-2.12653e-09 0.0173712 -5.84578e-09
-2.06594e-09 0.0173712 -5.93438e-09
-1.95759e-09 0.0173712 -5.82225e-09
-1.96691e-09 0.0173712 -5.62354e-09
-2.39365e-09 0.0173712 -6.08823e-09
-2.12816e-09 0.0173712 -5.67653e-09
-2.01347e-09 0.0173712 -6.06863e-09
-1.72258e-09 0.0173712 -5.99983e-09
-1.73523e-09 0.0184886 -5.97226e-09
-1.27557e-09 0.0184886 -5.96246e-09
-1.13139e-09 0.0184886 -5.96102e-09
-1.06242e-09 0.0184886 -5.98691e-09
-1.02523e-09 0.0184886 -5.94703e-09
-1.06962e-09 0.0184886 -6.12355e-09
-1.2103e-09 0.0184886 -6.24117e-09
-1.07286e-09 0.0184886 -6.12024e-09
-1.14147e-09 0.0184886 -5.97841e-09
-8.74703e-10 0.0184886 -6.37319e-09
-1.23087e-09 0.0184886 -6.13816e-09
-1.19801e-09 0.0184886 -6.34254e-09
-1.10736e-09 0.0184886 -6.24647e-09
-1.10659e-09 0.0184886 -6.29764e-09
-7.42048e-10 0.0184886 -6.30382e-09
-1.28858e-09 0.0184886 -6.42043e-09
-1.20623e-09 0.0184886 -6.39156e-09
-1.05047e-09 0.0184886 -6.50607e-09
-8.10235e-10 0.0184886 -6.50235e-09
-7.87548e-10 0.0184886 -6.44476e-09
-9.20204e-10 0.0184886 -6.47807e-09
-1.03912e-09 0.0184886 -6.43731e-09
-9.72905e-10 0.0184886 -6.48532e-09
-1.08072e-09 0.0184886 -6.62022e-09
-6.079e-10 0.0184886 -6.58295e-09
-5.24584e-10 0.019635 -6.01944e-09
1.83764e-11 0.019635 -6.11848e-09
-1.43192e-11 0.019635 -6.04874e-09
-3.02869e-12 0.019635 -6.30119e-09
1.27184e-10 0.019635 -6.12781e-09
-3.34886e-10 0.019635 -5.94977e-09
-1.38566e-10 0.019635 -6.11836e-09
1.55567e-10 0.019635 -5.99893e-09
-1.1841e-10 0.019635 -6.20032e-09
1.36591e-10 0.019635 -6.23302e-09
-3.37781e-10 0.019635 -6.09579e-09
-7.15428e-11 0.019635 -6.12922e-09
-1.11005e-10 0.019635 -6.27376e-09
2.25002e-11 0.019635 -6.37415e-09
2.51068e-10 0.019635 -6.33463e-09
-9.31255e-11 0.019635 -6.2696e-09
-1.06812e-10 0.019635 -6.26111e-09
8.8872e-11 0.019635 -6.12911e-09
-4.11573e-11 0.019635 -6.45952e-09
5.78158e-10 0.019635 -6.49599e-09
-2.98845e-10 0.019635 -6.28546e-09
-9.35902e-11 0.019635 -6.18387e-09
1.44675e-10 0.019635 -6.40846e-09
1.01265e-10 0.019635 -6.58061e-09
2.60579e-10 0.019635 -6.70186e-09
7.80037e-10 0.0208506 -5.14343e-09
8.52369e-10 0.0208506 -5.19212e-09
1.0209e-09 0.0208506 -5.55562e-09
5.24523e-10 0.0208506 -5.38067e-09
7.21192e-10 0.0208506 -5.36154e-09
1.07885e-09 0.0208506 -5.44998e-09
8.60569e-10 0.0208506 -5.43052e-09
8.5603e-10 0.0208506 -5.60154e-09
7.18201e-10 0.0208506 -5.39274e-09
5.98234e-10 0.0208506 -5.72893e-09
1.02672e-09 0.0208506 -5.56545e-09
8.28505e-10 0.0208506 -5.51329e-09
9.50923e-10 0.0208506 -5.57332e-09
9.00448e-10 0.0208506 -5.78923e-09
8.55994e-10 0.0208506 -5.80967e-09
7.21151e-10 0.0208506 -5.63309e-09
9.5295e-10 0.0208506 -5.65898e-09
9.11609e-10 0.0208506 -5.54195e-09
8.79116e-10 0.0208506 -5.74365e-09
7.42098e-10 0.0208506 -5.77697e-09
6.84521e-10 0.0208506 -5.79361e-09
1.01179e-09 0.0208506 -5.58888e-09
9.26513e-10 0.0208506 -5.75091e-09
8.27063e-10 0.0208506 -6.06343e-09
1.1325e-09 0.0208506 -5.93256e-09
1.97891e-09 0.0221686 -4.46138e-09
1.54972e-09 0.0221686 -4.49026e-09
1.74049e-09 0.0221686 -4.48359e-09
1.00139e-09 0.0221686 -4.79262e-09
1.15116e-09 0.0221686 -4.11628e-09
1.81885e-09 0.0221686 -4.54736e-09
1.64636e-09 0.0221686 -4.49454e-09
1.72255e-09 0.0221686 -4.55072e-09
1.22931e-09 0.0221686 -4.51712e-09
1.19793e-09 0.0221686 -4.38807e-09
1.79245e-09 0.0221686 -4.41008e-09
1.7613e-09 0.0221686 -4.42326e-09
1.57351e-09 0.0221686 -4.5149e-09
1.41408e-09 0.0221686 -4.42362e-09
1.41212e-09 0.0221686 -4.61313e-09
1.91169e-09 0.0221686 -4.19612e-09
1.69241e-09 0.0221686 -4.29991e-09
1.6101e-09 0.0221686 -4.43263e-09
1.45585e-09 0.0221686 -4.72496e-09
1.54683e-09 0.0221686 -4.51359e-09
1.62245e-09 0.0221686 -4.0532e-09
1.55118e-09 0.0221686 -4.40988e-09
1.71776e-09 0.0221686 -4.48664e-09
1.50418e-09 0.0221686 -4.51299e-09
1.27053e-09 0.0221686 -4.55268e-09
2.59749e-09 0.0236054 -3.33524e-09
2.34246e-09 0.0236054 -3.19852e-09
1.75662e-09 0.0236054 -3.17663e-09
1.67019e-09 0.0236054 -3.13162e-09
7.97658e-10 0.0236054 -2.82503e-09
2.27928e-09 0.0236054 -2.99242e-09
2.39998e-09 0.0236054 -3.10411e-09
1.9811e-09 0.0236054 -3.09961e-09
1.66178e-09 0.0236054 -3.0862e-09
1.10639e-09 0.0236054 -3.07799e-09
2.97749e-09 0.0236054 -2.87386e-09
2.29075e-09 0.0236054 -2.8974e-09
2.18206e-09 0.0236054 -2.79158e-09
1.65313e-09 0.0236054 -2.90382e-09
1.97137e-09 0.0236054 -2.71977e-09
2.41921e-09 0.0236054 -2.70622e-09
2.47755e-09 0.0236054 -2.90049e-09
1.85895e-09 0.0236054 -2.73897e-09
1.73792e-09 0.0236054 -2.71719e-09
1.42026e-09 0.0236054 -2.80965e-09
3.06103e-09 0.0236054 -2.55828e-09
2.54092e-09 0.0236054 -2.2842e-09
2.23755e-09 0.0236054 -2.79591e-09
1.40638e-09 0.0236054 -2.62926e-09
1.62192e-09 0.0236054 -2.45003e-09
3.02448e-09 0.0251527 -1.14364e-09
2.47344e-09 0.0251527 -1.30771e-09
1.98344e-09 0.0251527 -1.39997e-09
1.70378e-09 0.0251527 -1.28848e-09
7.87198e-10 0.0251527 -1.40662e-09
2.9504e-09 0.0251527 -1.12315e-09
2.51735e-09 0.0251527 -1.02356e-09
2.056e-09 0.0251527 -9.15438e-10
1.47135e-09 0.0251527 -1.19507e-09
1.31125e-09 0.0251527 -1.20895e-09
3.00173e-09 0.0251527 -7.89619e-10
2.54575e-09 0.0251527 -7.25404e-10
2.26238e-09 0.0251527 -7.4284e-10
1.37267e-09 0.0251527 -8.50012e-10
1.61824e-09 0.0251527 -1.01969e-09
3.2037e-09 0.0251527 -9.28662e-10
2.4118e-09 0.0251527 -8.36458e-10
2.13595e-09 0.0251527 -6.76847e-10
1.54346e-09 0.0251527 -7.53431e-10
1.48581e-09 0.0251527 -7.84851e-10
3.15913e-09 0.0251527 -9.62199e-10
2.42314e-09 0.0251527 -5.69869e-10
2.18508e-09 0.0251527 -5.35266e-10
1.59455e-09 0.0251527 -9.07043e-10
9.83887e-10 0.0251527 -6.99917e-10
2.12183e-09 0.0267746 1.40211e-09
2.28758e-09 0.0267746 6.37158e-10
1.79643e-09 0.0267746 1.11446e-09
1.03318e-09 0.0267746 9.40371e-10
5.51347e-10 0.0267746 9.28473e-10
2.47481e-09 0.0267746 1.16825e-09
2.30806e-09 0.0267746 1.25431e-09
1.75688e-09 0.0267746 1.24357e-09
9.69074e-10 0.0267746 9.37195e-10
6.13911e-10 0.0267746 1.03538e-09
2.84781e-09 0.0267746 1.33776e-09
2.20522e-09 0.0267746 1.68062e-09
1.56016e-09 0.0267746 1.3474e-09
1.00131e-09 0.0267746 1.49716e-09
5.18414e-10 0.0267746 1.34396e-09
2.89825e-09 0.0267746 1.54369e-09
2.20579e-09 0.0267746 1.70101e-09
1.7095e-09 0.0267746 1.72338e-09
1.23801e-09 0.0267746 1.41768e-09
7.33127e-10 0.0267746 1.24416e-09
2.57494e-09 0.0267746 1.61236e-09
2.55905e-09 0.0267746 1.6775e-09
1.64099e-09 0.0267746 1.77631e-09
1.28036e-09 0.0267746 1.33583e-09
9.07393e-10 0.0267746 1.38989e-09
1.70288e-09 0.0284122 4.43471e-09
1.45423e-09 0.0284122 4.01663e-09
1.37686e-09 0.0284122 3.63025e-09
5.67315e-11 0.0284122 3.63306e-09
-1.43171e-10 0.0284122 3.57222e-09
1.66619e-09 0.0284122 4.08481e-09
1.50676e-09 0.0284122 4.01757e-09
8.477e-10 0.0284122 3.64448e-09
3.09912e-10 0.0284122 3.92655e-09
-1.58153e-10 0.0284122 3.64816e-09
2.19067e-09 0.0284122 4.2956e-09
1.34925e-09 0.0284122 4.00775e-09
8.78176e-10 0.0284122 4.10992e-09
3.89726e-10 0.0284122 3.64612e-09
-3.37635e-10 0.0284122 4.02369e-09
2.08107e-09 0.0284122 4.30352e-09
1.63905e-09 0.0284122 4.57106e-09
9.29663e-10 0.0284122 4.36986e-09
1.04354e-10 0.0284122 4.47527e-09
2.60571e-10 0.0284122 4.21518e-09
1.89544e-09 0.0284122 4.58863e-09
1.82387e-09 0.0284122 4.79247e-09
8.06265e-10 0.0284122 4.86759e-09
2.59227e-10 0.0284122 4.34607e-09
1.53862e-10 0.0284122 4.31842e-09
1.01792e-09 0.0299976 7.67884e-09
4.18527e-11 0.0299976 7.50585e-09
-6.66057e-10 0.0299976 7.29958e-09
-8.74786e-10 0.0299976 7.13831e-09
-1.50792e-09 0.0299976 6.98325e-09
1.26006e-09 0.0299976 7.6216e-09
1.96582e-10 0.0299976 7.52899e-09
-1.78485e-10 0.0299976 7.33582e-09
-1.16753e-09 0.0299976 7.19409e-09
-1.07226e-09 0.0299976 6.91507e-09
1.03079e-09 0.0299976 7.51163e-09
4.80003e-10 0.0299976 7.55408e-09
-3.96366e-10 0.0299976 7.61032e-09
-9.40528e-10 0.0299976 7.36938e-09
-1.05468e-09 0.0299976 7.44438e-09
1.38364e-09 0.0299976 8.09795e-09
6.62036e-10 0.0299976 7.8015e-09
-6.251e-11 0.0299976 7.87541e-09
-9.44899e-10 0.0299976 7.93023e-09
-1.50724e-09 0.0299976 8.15765e-09
2.58186e-09 0.0299976 8.17458e-09
6.97484e-10 0.0299976 8.21642e-09
1.18101e-11 0.0299976 7.95356e-09
-1.16016e-09 0.0299976 8.15009e-09
-2.32711e-09 0.0299976 8.01907e-09
2.88546e-10 0.0314761 1.18515e-08
-1.09545e-09 0.0314761 1.17366e-08
-2.26585e-09 0.0314761 1.14677e-08
-2.56101e-09 0.0314761 1.16865e-08
-2.55184e-09 0.0314761 1.09628e-08
-4.17932e-10 0.0314761 1.19671e-08
-1.12216e-09 0.0314761 1.18526e-08
-1.91337e-09 0.0314761 1.14933e-08
-2.62316e-09 0.0314761 1.12804e-08
-2.71444e-09 0.0314761 1.15418e-08
-3.55531e-10 0.0314761 1.20516e-08
-8.78266e-10 0.0314761 1.18042e-08
-1.73739e-09 0.0314761 1.19204e-08
-2.52956e-09 0.0314761 1.17734e-08
-2.90578e-09 0.0314761 1.19084e-08
-4.68985e-11 0.0314761 1.22875e-08
-5.42563e-10 0.0314761 1.21681e-08
-1.68392e-09 0.0314761 1.23876e-08
-2.50243e-09 0.0314761 1.19492e-08
-3.1656e-09 0.0314761 1.22398e-08
2.46388e-10 0.0314761 1.24091e-08
-6.32429e-10 0.0314761 1.21779e-08
-1.73706e-09 0.0314761 1.24495e-08
-2.20686e-09 0.0314761 1.22783e-08
-2.89846e-09 0.0314761 1.22431e-08
-2.12057e-09 0.0328309 1.70557e-08
-2.85211e-09 0.0328309 1.71883e-08
-3.33813e-09 0.0328309 1.66663e-08
-4.06354e-09 0.0328309 1.65495e-08
-5.17795e-09 0.0328309 1.73282e-08
-1.88367e-09 0.0328309 1.7059e-08
-2.64389e-09 0.0328309 1.71747e-08
-3.1781e-09 0.0328309 1.68447e-08
-4.46924e-09 0.0328309 1.67822e-08
-4.57758e-09 0.0328309 1.69845e-08
-1.41478e-09 0.0328309 1.72188e-08
-2.56372e-09 0.0328309 1.72695e-08
-3.47226e-09 0.0328309 1.67285e-08
-4.42536e-09 0.0328309 1.67929e-08
-5.11703e-09 0.0328309 1.67871e-08
-1.71914e-09 0.0328309 1.73083e-08
-1.96044e-09 0.0328309 1.72017e-08
-3.52607e-09 0.0328308 1.73133e-08
-4.42699e-09 0.0328308 1.71811e-08
-5.14692e-09 0.0328309 1.67086e-08
-1.29808e-09 0.0328308 1.75481e-08
-2.17631e-09 0.0328309 1.76078e-08
-2.77826e-09 0.0328309 1.76711e-08
-4.28753e-09 0.0328308 1.69789e-08
-5.59663e-09 0.0328309 1.73761e-08
-3.8563e-09 0.0341022 2.28818e-08
-4.74699e-09 0.0341022 2.24335e-08
-4.93342e-09 0.0341022 2.16814e-08
-6.50901e-09 0.0341022 2.25868e-08
-6.67665e-09 0.0341022 2.25185e-08
-3.0183e-09 0.0341022 2.21897e-08
-4.14594e-09 0.0341022 2.22944e-08
-5.21969e-09 0.0341022 2.22297e-08
-6.14287e-09 0.0341022 2.2539e-08
-7.9551e-09 0.0341022 2.24646e-08
-2.86684e-09 0.0341022 2.26385e-08
-3.82289e-09 0.0341022 2.23366e-08
-5.35955e-09 0.0341022 2.20168e-08
-6.57032e-09 0.0341022 2.24672e-08
-7.10672e-09 0.0341022 2.24905e-08
-2.31519e-09 0.0341022 2.26265e-08
-3.81152e-09 0.0341022 2.21215e-08
-5.05057e-09 0.0341022 2.21046e-08
-6.61057e-09 0.0341022 2.22043e-08
-7.57318e-09 0.0341022 2.22841e-08
-2.69083e-09 0.0341022 2.21266e-08
-3.44164e-09 0.0341022 2.18106e-08
-5.42175e-09 0.0341022 2.1671e-08
-6.81729e-09 0.0341022 2.26581e-08
-7.31822e-09 0.0341022 2.22274e-08
-4.82002e-09 0.0353867 2.76674e-08
-7.09199e-09 0.0353867 2.81077e-08
-6.77133e-09 0.0353867 2.81674e-08
-7.86281e-09 0.0353867 2.77616e-08
-9.6828e-09 0.0353867 2.82014e-08
-4.39094e-09 0.0353867 2.80653e-08
-6.04157e-09 0.0353867 2.80378e-08
-7.08775e-09 0.0353867 2.77975e-08
-8.50719e-09 0.0353867 2.78752e-08
-9.31573e-09 0.0353867 2.82664e-08
-4.13704e-09 0.0353867 2.80253e-08
-5.51299e-09 0.0353867 2.75899e-08
-6.77217e-09 0.0353867 2.78253e-08
-8.68608e-09 0.0353867 2.83442e-08
-1.00147e-08 0.0353867 2.80692e-08
-3.55678e-09 0.0353867 2.76838e-08
-5.20678e-09 0.0353867 2.78102e-08
-7.2223e-09 0.0353867 2.76912e-08
-8.66235e-09 0.0353867 2.8234e-08
-1.07225e-08 0.0353867 2.84094e-08
-2.77205e-09 0.0353867 2.81112e-08
-5.54774e-09 0.0353867 2.76309e-08
-6.58908e-09 0.0353867 2.79091e-08
-8.66923e-09 0.0353867 2.77442e-08
-9.45389e-09 0.0353867 2.81653e-08
-6.86693e-09 0.0368062 3.4703e-08
-7.43968e-09 0.0368062 3.47642e-08
-8.92702e-09 0.0368062 3.3223e-08
-1.02266e-08 0.0368062 3.4058e-08
-1.05985e-08 0.0368062 3.39295e-08
-6.0684e-09 0.0368062 3.397e-08
-7.39837e-09 0.0368062 3.38118e-08
-8.79126e-09 0.0368062 3.40591e-08
-1.02985e-08 0.0368062 3.42243e-08
-1.15302e-08 0.0368062 3.43847e-08
-6.05741e-09 0.0368062 3.32937e-08
-6.77693e-09 0.0368062 3.37114e-08
-8.46362e-09 0.0368062 3.3826e-08
-1.03267e-08 0.0368062 3.46468e-08
-1.24349e-08 0.0368062 3.46673e-08
-4.78067e-09 0.0368062 3.35638e-08
-6.95276e-09 0.0368062 3.35416e-08
-8.48716e-09 0.0368062 3.40886e-08
-1.02562e-08 0.0368062 3.46218e-08
-1.28683e-08 0.0368062 3.44259e-08
-5.66473e-09 0.0368062 3.40007e-08
-6.59293e-09 0.0368062 3.38015e-08
-8.66045e-09 0.0368062 3.46967e-08
-1.09149e-08 0.0368062 3.49521e-08
-1.19045e-08 0.0368062 3.4434e-08
-6.52702e-09 0.0384415 3.96e-08
-7.86025e-09 0.0384415 4.05516e-08
-1.03237e-08 0.0384415 4.02721e-08
-1.1954e-08 0.0384415 4.15349e-08
-1.30621e-08 0.0384415 4.11684e-08
-6.12619e-09 0.0384415 4.02299e-08
-7.90375e-09 0.0384415 4.01245e-08
-1.01032e-08 0.0384415 4.06288e-08
-1.22876e-08 0.0384415 4.11693e-08
-1.38912e-08 0.0384415 4.1802e-08
-6.11754e-09 0.0384415 4.03915e-08
-7.60262e-09 0.0384415 4.04599e-08
-9.46187e-09 0.0384415 4.09815e-08
-1.18232e-08 0.0384415 4.1211e-08
-1.45254e-08 0.0384415 4.16447e-08
-6.50292e-09 0.0384415 4.00671e-08
-7.41951e-09 0.0384415 4.02422e-08
-9.1849e-09 0.0384415 4.04803e-08
-1.18936e-08 0.0384415 4.08481e-08
-1.35784e-08 0.0384415 4.16056e-08
-7.47058e-09 0.0384415 3.94845e-08
-7.56609e-09 0.0384415 3.98276e-08
-9.29537e-09 0.0384415 4.20769e-08
-1.21586e-08 0.0384415 4.1329e-08
-1.438e-08 0.0384415 4.2635e-08
-5.36468e-09 0.0402503 4.5875e-08
-7.78615e-09 0.0402503 4.66571e-08
-1.06552e-08 0.0402503 4.82317e-08
-1.37893e-08 0.0402503 4.74738e-08
-1.71986e-08 0.0402503 4.72037e-08
-5.549e-09 0.0402503 4.77734e-08
-7.28759e-09 0.0402503 4.67352e-08
-9.91166e-09 0.0402503 4.77541e-08
-1.35785e-08 0.0402503 4.86336e-08
-1.57101e-08 0.0402503 4.86956e-08
-3.89891e-09 0.0402503 4.7073e-08
-7.04158e-09 0.0402503 4.68897e-08
-9.81013e-09 0.0402503 4.77339e-08
-1.3335e-08 0.0402503 4.88231e-08
-1.58687e-08 0.0402503 4.91996e-08
-5.18456e-09 0.0402503 4.69821e-08
-7.08506e-09 0.0402503 4.70427e-08
-9.79106e-09 0.0402503 4.80334e-08
-1.2796e-08 0.0402503 4.89435e-08
-1.56521e-08 0.0402503 4.88399e-08
-6.95047e-09 0.0402503 4.6389e-08
-7.49722e-09 0.0402503 4.81425e-08
-9.05431e-09 0.0402503 4.89237e-08
-1.28552e-08 0.0402503 4.84141e-08
-1.59375e-08 0.0402503 4.98696e-08
-7.22459e-10 0.0420181 5.54166e-08
-4.72861e-09 0.0420182 5.50743e-08
-8.69436e-09 0.0420181 5.48238e-08
-1.41933e-08 0.0420181 5.58128e-08
-1.81807e-08 0.0420181 5.62239e-08
-1.31686e-09 0.0420182 5.37607e-08
-4.31196e-09 0.0420181 5.41935e-08
-9.33795e-09 0.0420181 5.5298e-08
-1.42459e-08 0.0420181 5.67894e-08
-1.87866e-08 0.0420181 5.75742e-08
-1.44999e-09 0.0420181 5.36732e-08
-5.20485e-09 0.0420182 5.43057e-08
-8.7779e-09 0.0420181 5.57148e-08
-1.35208e-08 0.0420181 5.65845e-08
-1.87853e-08 0.0420181 5.69434e-08
-3.2239e-09 0.0420182 5.47173e-08
-4.87586e-09 0.0420181 5.42314e-08
-8.82229e-09 0.0420181 5.51979e-08
-1.31933e-08 0.0420181 5.57682e-08
-1.7988e-08 0.0420181 5.57493e-08
-2.01593e-09 0.0420181 5.55952e-08
-4.52693e-09 0.0420182 5.53822e-08
-8.44714e-09 0.0420181 5.49014e-08
-1.2906e-08 0.0420181 5.45936e-08
-1.66635e-08 0.0420181 5.55144e-08
3.89483e-09 0.0434275 6.32101e-08
1.56068e-09 0.0434274 6.36731e-08
-7.02138e-09 0.0434274 6.24321e-08
-1.31296e-08 0.0434274 6.65602e-08
-2.07189e-08 0.0434274 6.87145e-08
3.10004e-09 0.0434274 6.25856e-08
-8.79083e-10 0.0434274 6.37081e-08
-6.35927e-09 0.0434274 6.27486e-08
-1.39812e-08 0.0434274 6.71193e-08
-2.02612e-08 0.0434274 6.46135e-08
1.97542e-09 0.0434275 6.0673e-08
-1.57134e-09 0.0434274 6.10789e-08
-5.90384e-09 0.0434274 6.2889e-08
-1.38411e-08 0.0434274 6.40342e-08
-2.10763e-08 0.0434274 6.31125e-08
1.606e-09 0.0434274 6.32147e-08
-1.98341e-09 0.0434275 6.26228e-08
-7.04262e-09 0.0434274 6.4301e-08
-1.40197e-08 0.0434274 6.2426e-08
-1.8408e-08 0.0434274 6.38416e-08
7.93037e-10 0.0434275 6.81255e-08
-6.07713e-10 0.0434274 6.28375e-08
-8.29395e-09 0.0434274 6.18937e-08
-1.34678e-08 0.0434274 6.16948e-08
-1.79656e-08 0.0434274 6.293e-08
1.69055e-08 0.0443277 8.91295e-08
3.92802e-09 0.0443276 7.64609e-08
-2.16698e-09 0.0443276 7.4063e-08
-1.28881e-08 0.0443274 7.71785e-08
-2.76474e-08 0.0443274 6.96419e-08
9.06121e-09 0.0443276 7.58687e-08
6.68584e-09 0.0443276 7.03955e-08
-2.35575e-09 0.0443275 7.51294e-08
-1.40856e-08 0.0443275 7.09418e-08
-2.92971e-08 0.0443275 7.96582e-08
1.22889e-08 0.0443276 7.10988e-08
6.8181e-09 0.0443276 7.21941e-08
-6.66669e-09 0.0443276 7.08757e-08
-1.53498e-08 0.0443275 7.17105e-08
-2.44915e-08 0.0443275 7.05219e-08
9.5859e-09 0.0443276 6.70908e-08
2.37259e-09 0.0443276 6.66484e-08
-7.00012e-09 0.0443276 7.07974e-08
-1.43379e-08 0.0443276 6.7848e-08
-1.89165e-08 0.0443275 6.69681e-08
1.35344e-08 0.0443277 5.46721e-08
-1.84669e-09 0.0443276 8.28152e-08
-7.04967e-09 0.0443276 7.15516e-08
-1.48761e-08 0.0443275 7.49151e-08
-1.84104e-08 0.0443275 7.98938e-08
4.07401e-08 0.0451584 5.98322e-08
1.05932e-08 0.0451587 1.11764e-07
-4.55759e-09 0.0451583 8.34291e-08
-2.41781e-08 0.0451585 6.94595e-08
-1.38328e-08 0.0451581 6.52683e-08
4.62471e-08 0.0451588 7.89265e-08
7.99959e-09 0.0451585 7.44624e-08
-1.0841e-09 0.0451586 7.10502e-08
-1.44096e-08 0.0451584 7.56943e-08
-5.3131e-08 0.0451582 6.52605e-08
8.08988e-09 0.0451586 7.68671e-08
1.36532e-08 0.0451587 7.50655e-08
-2.56647e-09 0.0451585 6.86406e-08
-2.1166e-08 0.0451586 6.92417e-08
-2.85974e-08 0.0451587 6.6303e-08
1.91789e-08 0.0451587 7.45187e-08
6.37484e-09 0.0451587 6.59516e-08
-5.95267e-09 0.0451587 6.76012e-08
-1.62975e-08 0.0451586 7.1274e-08
-1.23875e-08 0.0451583 9.47014e-08
1.20352e-09 0.0451584 1.02156e-07
1.65899e-08 0.0451587 7.16984e-08
-4.59912e-09 0.0451587 6.75241e-08
-4.26843e-09 0.0451585 8.55709e-08
-4.50534e-08 0.0451584 1.02043e-07
5.38514e-08 0.0470235 6.57267e-08
-9.59267e-09 0.0470235 7.05816e-08
2.58077e-08 0.047024 6.86389e-08
-1.87745e-08 0.0470231 5.9236e-08
-2.16941e-08 0.0470238 2.94567e-08
3.18605e-08 0.0470235 6.88904e-08
-1.04328e-09 0.0470239 6.84378e-08
-4.92014e-09 0.0470237 4.14224e-08
-6.84116e-09 0.0470238 4.126e-08
-6.59171e-08 0.0470237 3.10388e-08
2.15387e-08 0.0470237 6.26967e-08
4.9867e-09 0.0470243 4.30202e-08
-9.74467e-09 0.0470238 4.67912e-08
-2.05331e-08 0.0470241 4.13697e-08
-1.79018e-08 0.0470239 3.95943e-08
5.14419e-08 0.0470239 4.97044e-08
-1.22157e-10 0.047024 3.8958e-08
-1.61583e-09 0.0470238 4.43172e-08
9.76468e-09 0.0470237 7.0623e-08
-1.00662e-07 0.0470243 6.38197e-08
1.62649e-07 0.0470252 3.8749e-08
-1.36492e-08 0.0470245 4.30307e-08
2.34463e-08 0.0470237 6.61603e-08
3.84886e-08 0.0470239 7.24723e-08
-1.07578e-07 0.0470256 6.48224e-08
8.32861e-08 0.0497296 6.90602e-09
-1.37256e-08 0.0497299 3.11753e-08
-5.37227e-10 0.0497305 5.78755e-08
-1.47127e-08 0.0497303 1.64946e-08
-3.16977e-08 0.0497304 1.50493e-08
4.51156e-08 0.0497302 2.63498e-08
-1.0569e-09 0.0497303 1.96576e-08
-1.08635e-08 0.0497304 3.29939e-08
-4.29986e-09 0.0497304 1.57812e-08
-3.40845e-08 0.0497302 1.04753e-08
4.51309e-08 0.0497308 8.03294e-09
-1.13808e-08 0.0497305 1.82921e-08
-1.72719e-09 0.0497304 2.47175e-08
-8.99598e-09 0.0497303 1.75688e-08
-9.62496e-09 0.0497305 1.19787e-08
3.34339e-08 0.0497309 -8.09405e-09
1.04466e-08 0.0497305 7.28141e-09
4.29907e-09 0.0497303 1.96968e-08
-1.63904e-08 0.0497304 2.88552e-08
-4.06956e-08 0.0497303 7.64157e-09
4.53574e-08 0.049731 -4.26454e-08
4.87204e-09 0.0497304 5.42497e-09
2.15591e-08 0.0497304 9.65474e-09
3.62996e-08 0.0497309 1.52621e-08
-1.3242e-07 0.0497313 5.46555e-09
0 0.05 0
0 0.05 0
0 0.05 0
0 0.05 0
0 0.05 0
0 0.05 0
0 0.05 0
0 0.05 0
0 0.05 0
0 0.05 0
0 0.05 0
0 0.05 0
0 0.05 0
0 0.05 0
0 0.05 0
0 0.05 0
0 0.05 0
0 0.05 0
0 0.05 0
0 0.05 0
0 0.05 0
0 0.05 0
0 0.05 0
0 0.05 0
0 0.05 0
