0 0 0
0 0 0
0 0 0
0 0 0
0 0 0
0 0 0
0 0 0
0 0 0
0 0 0
0 0 0
0 0 0
0 0 0
0 0 0
0 0 0
0 0 0
0 0 0
0 0 0
0 0 0
0 0 0
0 0 0
0 0 0
0 0 0
0 0 0
0 0 0
0 0 0
1.54674e-09 0.00240681 -1.37291e-09
1.8144e-09 0.00240681 -1.37409e-09
1.96392e-09 0.00240681 -1.39076e-09
2.159e-09 0.00240681 -1.34701e-09
2.49e-09 0.00240681 -1.30114e-09
1.49327e-09 0.00240681 -1.36663e-09
1.78497e-09 0.00240681 -1.35791e-09
1.97455e-09 0.00240681 -1.36878e-09
2.15443e-09 0.00240681 -1.36498e-09
2.52817e-09 0.00240681 -1.37679e-09
1.45923e-09 0.00240681 -1.36513e-09
1.79253e-09 0.00240681 -1.36442e-09
1.97288e-09 0.00240681 -1.38865e-09
2.18974e-09 0.00240681 -1.38584e-09
2.48336e-09 0.00240681 -1.37525e-09
1.55707e-09 0.00240681 -1.34053e-09
1.79674e-09 0.00240681 -1.34908e-09
1.98883e-09 0.00240681 -1.35294e-09
2.16269e-09 0.00240681 -1.33874e-09
2.44399e-09 0.00240681 -1.34702e-09
1.65489e-09 0.00240681 -1.29662e-09
1.79413e-09 0.00240681 -1.33056e-09
1.99952e-09 0.00240681 -1.34519e-09
2.15117e-09 0.00240681 -1.34799e-09
2.3945e-09 0.00240681 -1.32322e-09
3.3348e-09 0.0048261 -2.84016e-09
3.58326e-09 0.0048261 -2.75358e-09
3.94069e-09 0.0048261 -2.83022e-09
4.23567e-09 0.0048261 -2.80747e-09
4.63634e-09 0.0048261 -2.87211e-09
3.27602e-09 0.0048261 -2.79024e-09
3.62832e-09 0.0048261 -2.79776e-09
3.92567e-09 0.0048261 -2.79e-09
4.27706e-09 0.0048261 -2.84207e-09
4.59315e-09 0.0048261 -2.83125e-09
3.31663e-09 0.0048261 -2.80743e-09
3.61095e-09 0.0048261 -2.8042e-09
3.93016e-09 0.0048261 -2.83186e-09
4.2283e-09 0.0048261 -2.80925e-09
4.6915e-09 0.0048261 -2.77637e-09
3.34232e-09 0.0048261 -2.81024e-09
3.59359e-09 0.0048261 -2.8621e-09
3.9638e-09 0.0048261 -2.79401e-09
4.20349e-09 0.0048261 -2.83503e-09
4.50406e-09 0.00482609 -2.86389e-09
3.37735e-09 0.0048261 -2.83167e-09
3.66409e-09 0.0048261 -2.86232e-09
3.88236e-09 0.0048261 -2.86032e-09
4.19244e-09 0.0048261 -2.77421e-09
4.50853e-09 0.0048261 -2.81059e-09
5.07406e-09 0.00726738 -4.32244e-09
5.503e-09 0.00726738 -4.38049e-09
5.86119e-09 0.00726738 -4.24523e-09
6.15213e-09 0.00726738 -4.28897e-09
6.76067e-09 0.00726738 -4.3201e-09
5.18496e-09 0.00726738 -4.31824e-09
5.4844e-09 0.00726738 -4.2688e-09
5.88256e-09 0.00726738 -4.29944e-09
6.2166e-09 0.00726738 -4.31276e-09
6.76885e-09 0.00726738 -4.30427e-09
5.08162e-09 0.00726738 -4.29342e-09
5.52191e-09 0.00726738 -4.30449e-09
5.83389e-09 0.00726738 -4.26995e-09
6.25009e-09 0.00726738 -4.27981e-09
6.67732e-09 0.00726738 -4.37582e-09
5.26023e-09 0.00726738 -4.42074e-09
5.45483e-09 0.00726738 -4.42092e-09
5.82125e-09 0.00726738 -4.41259e-09
6.17726e-09 0.00726738 -4.40708e-09
6.54029e-09 0.00726738 -4.33254e-09
5.12173e-09 0.00726739 -4.40449e-09
5.44684e-09 0.00726738 -4.45248e-09
5.89719e-09 0.00726738 -4.49135e-09
6.10366e-09 0.00726738 -4.38916e-09
6.33431e-09 0.00726738 -4.47885e-09
6.61774e-09 0.00973464 -5.98799e-09
7.36776e-09 0.00973464 -5.90993e-09
7.68741e-09 0.00973464 -5.9373e-09
8.08864e-09 0.00973464 -6.03979e-09
8.69633e-09 0.00973464 -5.78789e-09
6.9414e-09 0.00973464 -5.95958e-09
7.27952e-09 0.00973464 -6.06049e-09
7.72514e-09 0.00973464 -5.94249e-09
8.13101e-09 0.00973464 -5.87121e-09
8.77456e-09 0.00973464 -5.98408e-09
6.89437e-09 0.00973464 -6.07459e-09
7.21812e-09 0.00973464 -6.03889e-09
7.72672e-09 0.00973464 -6.035e-09
8.15786e-09 0.00973464 -5.96437e-09
8.83712e-09 0.00973464 -5.95442e-09
6.72413e-09 0.00973464 -6.15031e-09
7.23643e-09 0.00973464 -6.05336e-09
7.74733e-09 0.00973464 -6.10848e-09
8.1576e-09 0.00973464 -6.06136e-09
8.68842e-09 0.00973464 -6.11799e-09
6.90823e-09 0.00973464 -6.06324e-09
7.19431e-09 0.00973464 -6.0802e-09
7.60618e-09 0.00973464 -6.05919e-09
8.12334e-09 0.00973464 -6.24125e-09
8.43334e-09 0.00973464 -6.14927e-09
8.50964e-09 0.0122244 -7.77766e-09
9.06723e-09 0.0122244 -7.87e-09
9.44872e-09 0.0122244 -7.78085e-09
1.01508e-08 0.0122244 -7.68815e-09
1.04529e-08 0.0122244 -7.67955e-09
8.61771e-09 0.0122244 -7.84578e-09
8.92475e-09 0.0122244 -7.74841e-09
9.56905e-09 0.0122244 -7.87507e-09
1.00036e-08 0.0122244 -7.72139e-09
1.06403e-08 0.0122244 -7.71383e-09
8.467e-09 0.0122244 -7.9075e-09
8.95265e-09 0.0122244 -7.79458e-09
9.62132e-09 0.0122244 -7.7736e-09
1.00273e-08 0.0122244 -7.81134e-09
1.05763e-08 0.0122244 -7.69047e-09
8.53386e-09 0.0122244 -7.78049e-09
8.97871e-09 0.0122244 -7.74951e-09
9.49552e-09 0.0122244 -7.69608e-09
9.95817e-09 0.0122244 -7.74488e-09
1.06871e-08 0.0122244 -7.79433e-09
8.41472e-09 0.0122244 -7.76716e-09
9.08298e-09 0.0122244 -7.69122e-09
9.45489e-09 0.0122244 -7.6628e-09
1.00011e-08 0.0122244 -7.65771e-09
1.08421e-08 0.0122244 -7.71172e-09
1.02898e-08 0.0147247 -9.51422e-09
1.03539e-08 0.0147247 -9.79071e-09
1.12338e-08 0.0147247 -9.73902e-09
1.15937e-08 0.0147247 -9.76042e-09
1.23508e-08 0.0147247 -9.58787e-09
9.79517e-09 0.0147247 -9.51334e-09
1.05376e-08 0.0147247 -9.72042e-09
1.12387e-08 0.0147247 -9.74003e-09
1.18417e-08 0.0147247 -9.64145e-09
1.22232e-08 0.0147247 -9.4915e-09
9.92305e-09 0.0147247 -9.58379e-09
1.05031e-08 0.0147247 -9.59263e-09
1.12106e-08 0.0147247 -9.65354e-09
1.17212e-08 0.0147247 -9.62614e-09
1.23393e-08 0.0147247 -9.60959e-09
9.9549e-09 0.0147247 -9.57724e-09
1.05746e-08 0.0147247 -9.56659e-09
1.12396e-08 0.0147247 -9.63266e-09
1.176e-08 0.0147247 -9.58727e-09
1.22908e-08 0.0147247 -9.57356e-09
9.93168e-09 0.0147247 -9.44664e-09
1.05432e-08 0.0147247 -9.62116e-09
1.12922e-08 0.0147247 -9.52029e-09
1.16646e-08 0.0147247 -9.47964e-09
1.26243e-08 0.0147247 -9.65973e-09
1.11446e-08 0.0172156 -1.12297e-08
1.18399e-08 0.0172156 -1.12712e-08
1.29313e-08 0.0172156 -1.13381e-08
1.35806e-08 0.0172156 -1.14839e-08
1.34587e-08 0.0172156 -1.1418e-08
1.14197e-08 0.0172156 -1.14562e-08
1.19447e-08 0.0172156 -1.14689e-08
1.2776e-08 0.0172156 -1.14962e-08
1.33975e-08 0.0172156 -1.14836e-08
1.39128e-08 0.0172156 -1.1446e-08
1.11446e-08 0.0172156 -1.12867e-08
1.21578e-08 0.0172156 -1.1559e-08
1.27283e-08 0.0172156 -1.13951e-08
1.34093e-08 0.0172156 -1.14825e-08
1.39373e-08 0.0172156 -1.15298e-08
1.12862e-08 0.0172156 -1.1366e-08
1.20794e-08 0.0172156 -1.14945e-08
1.26447e-08 0.0172156 -1.16822e-08
1.33552e-08 0.0172156 -1.14315e-08
1.37463e-08 0.0172156 -1.15505e-08
1.1592e-08 0.0172156 -1.13532e-08
1.22978e-08 0.0172156 -1.14126e-08
1.26754e-08 0.0172156 -1.14098e-08
1.33535e-08 0.0172156 -1.14739e-08
1.39236e-08 0.0172156 -1.13876e-08
1.30226e-08 0.0196701 -1.37931e-08
1.32605e-08 0.0196701 -1.29821e-08
1.42051e-08 0.0196701 -1.36656e-08
1.45659e-08 0.0196701 -1.30858e-08
1.53539e-08 0.0196701 -1.34737e-08
1.25421e-08 0.0196701 -1.31366e-08
1.36649e-08 0.0196701 -1.34248e-08
1.42386e-08 0.0196701 -1.35173e-08
1.46806e-08 0.0196701 -1.34428e-08
1.56112e-08 0.0196701 -1.33029e-08
1.28932e-08 0.0196701 -1.33534e-08
1.36379e-08 0.0196701 -1.34655e-08
1.44229e-08 0.0196701 -1.35849e-08
1.46204e-08 0.0196701 -1.34106e-08
1.56351e-08 0.0196701 -1.34752e-08
1.30117e-08 0.0196701 -1.32589e-08
1.3625e-08 0.0196701 -1.32658e-08
1.41779e-08 0.0196701 -1.31349e-08
1.46779e-08 0.0196701 -1.34238e-08
1.56015e-08 0.0196701 -1.34024e-08
1.33231e-08 0.0196701 -1.30354e-08
1.32994e-08 0.0196701 -1.31837e-08
1.42279e-08 0.0196701 -1.38237e-08
1.45157e-08 0.0196701 -1.3273e-08
1.52116e-08 0.0196701 -1.34798e-08
1.42029e-08 0.0220571 -1.51241e-08
1.50943e-08 0.0220571 -1.56349e-08
1.54204e-08 0.0220571 -1.5826e-08
1.58116e-08 0.0220571 -1.56461e-08
1.66137e-08 0.022057 -1.56382e-08
1.47201e-08 0.0220571 -1.56467e-08
1.47495e-08 0.0220571 -1.56035e-08
1.53102e-08 0.0220571 -1.55976e-08
1.60503e-08 0.0220571 -1.56133e-08
1.66386e-08 0.0220571 -1.55535e-08
1.47082e-08 0.0220571 -1.54179e-08
1.51135e-08 0.0220571 -1.54505e-08
1.54689e-08 0.022057 -1.56006e-08
1.5988e-08 0.022057 -1.54488e-08
1.70499e-08 0.022057 -1.5221e-08
1.47758e-08 0.022057 -1.56385e-08
1.52688e-08 0.0220571 -1.53251e-08
1.56428e-08 0.0220571 -1.54103e-08
1.61316e-08 0.022057 -1.5448e-08
1.63801e-08 0.022057 -1.52266e-08
1.49454e-08 0.0220571 -1.55262e-08
1.51106e-08 0.0220571 -1.53689e-08
1.56847e-08 0.0220571 -1.53072e-08
1.57015e-08 0.022057 -1.54126e-08
1.66511e-08 0.022057 -1.53738e-08
1.56586e-08 0.0243445 -1.72742e-08
1.58267e-08 0.0243445 -1.74195e-08
1.65742e-08 0.0243445 -1.75804e-08
1.71334e-08 0.0243445 -1.76527e-08
1.75273e-08 0.0243445 -1.72292e-08
1.52e-08 0.0243445 -1.73412e-08
1.62848e-08 0.0243445 -1.74532e-08
1.68323e-08 0.0243445 -1.77622e-08
1.71374e-08 0.0243445 -1.76227e-08
1.82727e-08 0.0243445 -1.75264e-08
1.57873e-08 0.0243445 -1.75669e-08
1.64274e-08 0.0243445 -1.74082e-08
1.67996e-08 0.0243445 -1.76313e-08
1.73078e-08 0.0243445 -1.72872e-08
1.79064e-08 0.0243445 -1.7443e-08
1.61255e-08 0.0243445 -1.76503e-08
1.65246e-08 0.0243445 -1.7621e-08
1.67959e-08 0.0243445 -1.75171e-08
1.7269e-08 0.0243445 -1.77361e-08
1.77705e-08 0.0243445 -1.72474e-08
1.58554e-08 0.0243445 -1.76984e-08
1.66262e-08 0.0243445 -1.78325e-08
1.69709e-08 0.0243445 -1.75963e-08
1.68226e-08 0.0243445 -1.74821e-08
1.69741e-08 0.0243445 -1.77923e-08
1.69516e-08 0.0265034 -1.88754e-08
1.74761e-08 0.0265034 -1.90633e-08
1.7915e-08 0.0265034 -1.93066e-08
1.84968e-08 0.0265034 -1.89477e-08
1.92853e-08 0.0265034 -1.89988e-08
1.72436e-08 0.0265034 -1.9249e-08
1.76297e-08 0.0265034 -1.91039e-08
1.78218e-08 0.0265034 -1.93591e-08
1.83393e-08 0.0265034 -1.92123e-08
1.89147e-08 0.0265034 -1.92711e-08
1.69032e-08 0.0265034 -1.93617e-08
1.78531e-08 0.0265034 -1.95845e-08
1.80483e-08 0.0265034 -1.94809e-08
1.81824e-08 0.0265034 -1.93279e-08
1.94099e-08 0.0265034 -1.90907e-08
1.71036e-08 0.0265034 -1.94391e-08
1.76864e-08 0.0265034 -1.95912e-08
1.80091e-08 0.0265034 -1.95507e-08
1.85341e-08 0.0265034 -1.92399e-08
1.89585e-08 0.0265034 -1.92097e-08
1.72559e-08 0.0265034 -1.91236e-08
1.74045e-08 0.0265034 -1.94464e-08
1.78337e-08 0.0265034 -1.99944e-08
1.87725e-08 0.0265034 -1.90128e-08
1.81713e-08 0.0265034 -1.93141e-08
1.92273e-08 0.0285117 -2.05776e-08
1.90153e-08 0.0285116 -2.05673e-08
1.90749e-08 0.0285116 -2.05341e-08
1.92218e-08 0.0285116 -2.13812e-08
1.93358e-08 0.0285117 -2.08943e-08
1.87194e-08 0.0285117 -2.06848e-08
1.89688e-08 0.0285117 -2.06179e-08
1.88532e-08 0.0285116 -2.10352e-08
1.91711e-08 0.0285116 -2.09177e-08
2.00384e-08 0.0285116 -2.10209e-08
1.81923e-08 0.0285117 -2.08686e-08
1.88791e-08 0.0285116 -2.1166e-08
1.93092e-08 0.0285117 -2.13573e-08
1.91789e-08 0.0285116 -2.07515e-08
1.96728e-08 0.0285116 -2.08683e-08
1.85287e-08 0.0285116 -2.09998e-08
1.85881e-08 0.0285116 -2.09402e-08
1.93933e-08 0.0285117 -2.09903e-08
1.94756e-08 0.0285116 -2.08307e-08
1.96155e-08 0.0285116 -2.06037e-08
1.84223e-08 0.0285117 -2.104e-08
1.88694e-08 0.0285117 -2.08926e-08
1.93894e-08 0.0285116 -2.11836e-08
1.94145e-08 0.0285116 -2.05779e-08
2.0355e-08 0.0285116 -2.09976e-08
1.98161e-08 0.0303574 -2.23895e-08
2.0383e-08 0.0303574 -2.20944e-08
1.92299e-08 0.0303574 -2.2656e-08
1.94229e-08 0.0303574 -2.30495e-08
2.1547e-08 0.0303574 -2.2614e-08
2.01367e-08 0.0303574 -2.21992e-08
1.96125e-08 0.0303574 -2.26338e-08
1.97699e-08 0.0303574 -2.26278e-08
2.00817e-08 0.0303574 -2.26217e-08
2.08065e-08 0.0303574 -2.25192e-08
1.8993e-08 0.0303574 -2.26056e-08
1.96844e-08 0.0303574 -2.27903e-08
2.02751e-08 0.0303574 -2.269e-08
2.02946e-08 0.0303574 -2.25727e-08
2.03088e-08 0.0303574 -2.27249e-08
1.89398e-08 0.0303574 -2.24267e-08
2.00443e-08 0.0303574 -2.24015e-08
2.0428e-08 0.0303574 -2.22594e-08
2.03033e-08 0.0303574 -2.23738e-08
2.06185e-08 0.0303574 -2.25481e-08
1.9665e-08 0.0303574 -2.21407e-08
1.96427e-08 0.0303574 -2.25618e-08
1.98834e-08 0.0303574 -2.1969e-08
2.0722e-08 0.0303574 -2.18486e-08
2.06508e-08 0.0303574 -2.26841e-08
2.13328e-08 0.0320412 -2.44346e-08
2.06202e-08 0.0320412 -2.42526e-08
2.04384e-08 0.0320412 -2.46831e-08
2.07983e-08 0.0320412 -2.4147e-08
2.0662e-08 0.0320412 -2.34464e-08
2.09934e-08 0.0320412 -2.41009e-08
2.05728e-08 0.0320412 -2.42711e-08
2.04379e-08 0.0320412 -2.42151e-08
2.0802e-08 0.0320412 -2.42159e-08
2.13995e-08 0.0320412 -2.42601e-08
1.95011e-08 0.0320412 -2.41046e-08
2.05755e-08 0.0320412 -2.38741e-08
2.10147e-08 0.0320412 -2.39044e-08
2.10941e-08 0.0320412 -2.42414e-08
2.10571e-08 0.0320412 -2.41124e-08
1.98886e-08 0.0320412 -2.35891e-08
2.0679e-08 0.0320412 -2.34659e-08
2.13477e-08 0.0320412 -2.35168e-08
2.10555e-08 0.0320412 -2.39898e-08
2.08557e-08 0.0320412 -2.39054e-08
1.99408e-08 0.0320412 -2.2687e-08
2.06709e-08 0.0320412 -2.3368e-08
2.09809e-08 0.0320412 -2.31373e-08
2.12714e-08 0.0320412 -2.35666e-08
2.11601e-08 0.0320412 -2.37321e-08
2.1515e-08 0.033576 -2.54985e-08
2.11649e-08 0.0335761 -2.60522e-08
2.08933e-08 0.033576 -2.57462e-08
2.14507e-08 0.033576 -2.59488e-08
2.17915e-08 0.033576 -2.5778e-08
2.09301e-08 0.0335761 -2.57033e-08
2.11571e-08 0.033576 -2.53674e-08
2.13256e-08 0.033576 -2.55303e-08
2.1303e-08 0.033576 -2.54691e-08
2.18525e-08 0.033576 -2.5641e-08
2.06409e-08 0.033576 -2.53422e-08
2.09291e-08 0.033576 -2.55449e-08
2.13361e-08 0.033576 -2.5225e-08
2.14991e-08 0.033576 -2.53742e-08
2.1799e-08 0.033576 -2.5803e-08
2.10787e-08 0.033576 -2.49189e-08
2.09474e-08 0.033576 -2.49129e-08
2.13703e-08 0.033576 -2.4959e-08
2.16259e-08 0.033576 -2.55563e-08
2.15725e-08 0.033576 -2.51772e-08
2.14875e-08 0.0335761 -2.49546e-08
2.09551e-08 0.0335761 -2.49507e-08
2.15116e-08 0.033576 -2.50513e-08
2.12454e-08 0.033576 -2.51764e-08
2.19343e-08 0.033576 -2.49636e-08
2.03995e-08 0.0349858 -2.65332e-08
2.18307e-08 0.0349858 -2.66601e-08
2.17587e-08 0.0349858 -2.64885e-08
2.13247e-08 0.0349858 -2.67808e-08
2.22832e-08 0.0349858 -2.62931e-08
2.05487e-08 0.0349858 -2.67147e-08
2.14721e-08 0.0349858 -2.64498e-08
2.16954e-08 0.0349858 -2.66374e-08
2.16162e-08 0.0349858 -2.67148e-08
2.2259e-08 0.0349858 -2.64581e-08
2.09554e-08 0.0349858 -2.63244e-08
2.1174e-08 0.0349858 -2.65795e-08
2.17394e-08 0.0349858 -2.64699e-08
2.1626e-08 0.0349858 -2.6536e-08
2.21318e-08 0.0349858 -2.64571e-08
2.15582e-08 0.0349858 -2.65365e-08
2.12152e-08 0.0349858 -2.64258e-08
2.16091e-08 0.0349858 -2.61674e-08
2.16013e-08 0.0349858 -2.65e-08
2.23741e-08 0.0349858 -2.66364e-08
2.09033e-08 0.0349858 -2.64103e-08
2.16871e-08 0.0349858 -2.67909e-08
2.11218e-08 0.0349858 -2.72005e-08
2.21296e-08 0.0349858 -2.57023e-08
2.17318e-08 0.0349858 -2.64941e-08
2.16358e-08 0.0363009 -2.63865e-08
2.12922e-08 0.0363009 -2.71895e-08
2.21927e-08 0.0363009 -2.69818e-08
2.13333e-08 0.0363009 -2.74498e-08
2.11575e-08 0.0363009 -2.70811e-08
2.11894e-08 0.0363009 -2.68196e-08
2.11937e-08 0.0363009 -2.71873e-08
2.18068e-08 0.0363009 -2.7348e-08
2.15814e-08 0.0363009 -2.7077e-08
2.22452e-08 0.0363009 -2.72631e-08
2.09961e-08 0.0363009 -2.73853e-08
2.15122e-08 0.0363009 -2.74653e-08
2.15503e-08 0.0363009 -2.74218e-08
2.20283e-08 0.0363009 -2.73566e-08
2.1876e-08 0.0363009 -2.70441e-08
2.14338e-08 0.0363009 -2.74144e-08
2.13429e-08 0.0363009 -2.78669e-08
2.15743e-08 0.0363009 -2.77008e-08
2.19414e-08 0.0363009 -2.76086e-08
2.20738e-08 0.0363009 -2.70412e-08
2.07689e-08 0.0363009 -2.75513e-08
2.08409e-08 0.0363009 -2.75102e-08
2.19238e-08 0.0363009 -2.7875e-08
2.1779e-08 0.0363009 -2.75763e-08
2.15232e-08 0.0363009 -2.75048e-08
2.03669e-08 0.0375522 -2.8175e-08
2.11239e-08 0.0375522 -2.79256e-08
2.1762e-08 0.0375522 -2.76509e-08
2.13087e-08 0.0375522 -2.82896e-08
2.19792e-08 0.0375522 -2.79009e-08
2.15531e-08 0.0375522 -2.82205e-08
2.10222e-08 0.0375522 -2.79887e-08
2.15151e-08 0.0375522 -2.76965e-08
2.14242e-08 0.0375522 -2.8032e-08
2.18574e-08 0.0375522 -2.81256e-08
2.0924e-08 0.0375522 -2.79198e-08
2.08836e-08 0.0375522 -2.83986e-08
2.15302e-08 0.0375522 -2.83706e-08
2.18568e-08 0.0375522 -2.80099e-08
2.21086e-08 0.0375522 -2.77364e-08
2.04346e-08 0.0375522 -2.79757e-08
2.08371e-08 0.0375522 -2.81306e-08
2.13719e-08 0.0375522 -2.82669e-08
2.18536e-08 0.0375522 -2.80762e-08
2.19471e-08 0.0375522 -2.77045e-08
2.00407e-08 0.0375522 -2.7823e-08
2.11163e-08 0.0375522 -2.84931e-08
2.12145e-08 0.0375522 -2.79898e-08
2.13637e-08 0.0375522 -2.81727e-08
2.21819e-08 0.0375522 -2.7902e-08
2.03847e-08 0.0387638 -2.90541e-08
2.06239e-08 0.0387638 -2.86386e-08
2.06243e-08 0.0387638 -2.93412e-08
2.15031e-08 0.0387638 -2.94275e-08
2.1566e-08 0.0387638 -2.87234e-08
1.9745e-08 0.0387638 -2.86695e-08
2.05992e-08 0.0387638 -2.90241e-08
2.09424e-08 0.0387638 -2.87036e-08
2.13335e-08 0.0387638 -2.8873e-08
2.19775e-08 0.0387638 -2.94325e-08
2.00831e-08 0.0387638 -2.85246e-08
2.04228e-08 0.0387638 -2.84467e-08
2.10553e-08 0.0387638 -2.86158e-08
2.10313e-08 0.0387638 -2.88282e-08
2.19748e-08 0.0387638 -2.89777e-08
1.97714e-08 0.0387638 -2.8492e-08
2.04579e-08 0.0387638 -2.88247e-08
2.08764e-08 0.0387638 -2.82968e-08
2.11957e-08 0.0387638 -2.8409e-08
2.18913e-08 0.0387638 -2.83558e-08
2.01156e-08 0.0387638 -2.81469e-08
2.04225e-08 0.0387638 -2.89754e-08
2.12219e-08 0.0387638 -2.89408e-08
2.12123e-08 0.0387638 -2.83195e-08
2.20682e-08 0.0387638 -2.82979e-08
1.9786e-08 0.0399458 -2.85862e-08
2.01762e-08 0.0399458 -2.87454e-08
2.07746e-08 0.0399458 -2.91852e-08
2.03848e-08 0.0399458 -2.96156e-08
2.14755e-08 0.0399458 -2.95861e-08
1.99616e-08 0.0399458 -2.9165e-08
2.00741e-08 0.0399458 -2.8867e-08
2.03046e-08 0.0399458 -2.9279e-08
2.06083e-08 0.0399458 -2.94262e-08
2.1486e-08 0.0399458 -2.96404e-08
1.94624e-08 0.0399458 -2.89721e-08
1.99109e-08 0.0399458 -2.90056e-08
2.03101e-08 0.0399458 -2.87428e-08
2.05908e-08 0.0399458 -2.92258e-08
2.13227e-08 0.0399458 -2.94317e-08
1.99496e-08 0.0399458 -2.92005e-08
1.9785e-08 0.0399458 -2.88258e-08
2.01328e-08 0.0399458 -2.89241e-08
2.06514e-08 0.0399458 -2.86985e-08
2.08497e-08 0.0399458 -2.90553e-08
2.03299e-08 0.0399458 -2.88308e-08
1.93804e-08 0.0399458 -2.93909e-08
2.02979e-08 0.0399458 -2.85381e-08
2.02358e-08 0.0399458 -2.86884e-08
2.06828e-08 0.0399458 -2.86861e-08
1.96934e-08 0.0410892 -2.89202e-08
1.87159e-08 0.0410892 -2.9887e-08
1.9908e-08 0.0410892 -2.90246e-08
1.92702e-08 0.0410892 -2.98283e-08
2.09062e-08 0.0410892 -2.96099e-08
1.87456e-08 0.0410892 -2.90572e-08
1.92965e-08 0.0410892 -2.90618e-08
1.94669e-08 0.0410892 -2.93925e-08
1.95786e-08 0.0410892 -2.95154e-08
2.03148e-08 0.0410892 -2.93346e-08
1.8524e-08 0.0410891 -2.91294e-08
1.9157e-08 0.0410892 -2.91436e-08
1.95145e-08 0.0410892 -2.90761e-08
1.96986e-08 0.0410892 -2.89868e-08
2.10195e-08 0.0410892 -2.94464e-08
1.86438e-08 0.0410891 -2.93137e-08
1.88384e-08 0.0410892 -2.91484e-08
1.92866e-08 0.0410892 -2.9099e-08
1.93909e-08 0.0410891 -2.9179e-08
2.0826e-08 0.0410891 -2.86972e-08
1.86788e-08 0.0410892 -2.87653e-08
1.89751e-08 0.0410892 -2.90434e-08
1.93937e-08 0.0410892 -2.90726e-08
1.97719e-08 0.0410891 -2.87232e-08
1.94769e-08 0.0410891 -2.82552e-08
1.75357e-08 0.0421637 -2.97592e-08
1.8163e-08 0.0421637 -3.01533e-08
1.85579e-08 0.0421637 -3.09995e-08
1.87814e-08 0.0421637 -2.95976e-08
1.95366e-08 0.0421637 -2.95017e-08
1.79529e-08 0.0421637 -2.93895e-08
1.79887e-08 0.0421637 -3.00363e-08
1.82509e-08 0.0421637 -2.99031e-08
1.86681e-08 0.0421637 -2.91957e-08
1.93834e-08 0.0421637 -2.9301e-08
1.69261e-08 0.0421637 -2.93219e-08
1.83117e-08 0.0421637 -2.92349e-08
1.84251e-08 0.0421637 -2.91932e-08
1.8382e-08 0.0421637 -2.92671e-08
1.95295e-08 0.0421637 -2.88965e-08
1.75357e-08 0.0421637 -2.96045e-08
1.80186e-08 0.0421637 -2.87606e-08
1.81172e-08 0.0421637 -2.87562e-08
1.86979e-08 0.0421637 -2.88987e-08
1.9306e-08 0.0421637 -2.89004e-08
1.8277e-08 0.0421637 -2.8853e-08
1.68835e-08 0.0421637 -2.92871e-08
1.79365e-08 0.0421637 -2.90534e-08
1.91483e-08 0.0421637 -2.89973e-08
1.85027e-08 0.0421637 -2.85822e-08
1.65606e-08 0.0431225 -2.95928e-08
1.67072e-08 0.0431225 -3.07825e-08
1.72947e-08 0.0431225 -2.93909e-08
1.76907e-08 0.0431225 -2.93001e-08
1.85355e-08 0.0431225 -2.97367e-08
1.61559e-08 0.0431225 -2.99463e-08
1.6582e-08 0.0431225 -2.9633e-08
1.73569e-08 0.0431225 -2.98632e-08
1.72699e-08 0.0431225 -2.95158e-08
1.83582e-08 0.0431225 -2.88738e-08
1.61631e-08 0.0431225 -2.9419e-08
1.68987e-08 0.0431224 -2.92399e-08
1.72138e-08 0.0431224 -2.93348e-08
1.72911e-08 0.0431225 -2.89434e-08
1.85012e-08 0.0431225 -2.88309e-08
1.73033e-08 0.0431225 -2.86661e-08
1.68238e-08 0.0431225 -2.91011e-08
1.68289e-08 0.0431224 -2.8726e-08
1.71456e-08 0.0431224 -2.92012e-08
1.81325e-08 0.0431224 -2.84917e-08
1.66596e-08 0.0431225 -2.93396e-08
1.69697e-08 0.0431225 -2.98436e-08
1.68383e-08 0.0431224 -2.89011e-08
1.69903e-08 0.0431224 -2.80814e-08
1.65865e-08 0.0431224 -2.92972e-08
1.52468e-08 0.0439113 -2.96265e-08
1.5871e-08 0.0439113 -2.98372e-08
1.61762e-08 0.0439113 -2.99399e-08
1.66581e-08 0.0439113 -2.98451e-08
1.65086e-08 0.0439113 -2.88088e-08
1.54452e-08 0.0439113 -2.97476e-08
1.55558e-08 0.0439113 -2.97599e-08
1.60411e-08 0.0439113 -2.96154e-08
1.63867e-08 0.0439113 -2.97613e-08
1.64688e-08 0.0439113 -2.94677e-08
1.60069e-08 0.0439113 -2.9346e-08
1.54885e-08 0.0439113 -2.94512e-08
1.60054e-08 0.0439113 -2.92716e-08
1.63555e-08 0.0439113 -2.92088e-08
1.70956e-08 0.0439113 -2.91554e-08
1.62825e-08 0.0439113 -2.92488e-08
1.5926e-08 0.0439113 -2.92397e-08
1.57871e-08 0.0439113 -2.9452e-08
1.59316e-08 0.0439113 -2.86736e-08
1.57535e-08 0.0439113 -2.88111e-08
1.59979e-08 0.0439113 -2.95556e-08
1.58978e-08 0.0439113 -2.95717e-08
1.5384e-08 0.0439113 -2.86876e-08
1.49077e-08 0.0439113 -2.94464e-08
1.60749e-08 0.0439113 -2.89182e-08
1.43385e-08 0.0444855 -2.98683e-08
1.43348e-08 0.0444855 -2.96253e-08
1.49246e-08 0.0444855 -3.00788e-08
1.57592e-08 0.0444855 -3.02446e-08
1.52348e-08 0.0444855 -2.99604e-08
1.43294e-08 0.0444855 -2.91429e-08
1.44665e-08 0.0444855 -2.99627e-08
1.51511e-08 0.0444855 -2.97329e-08
1.54525e-08 0.0444855 -3.00677e-08
1.59746e-08 0.0444855 -3.00394e-08
1.411e-08 0.0444855 -2.9547e-08
1.4789e-08 0.0444855 -2.93661e-08
1.46364e-08 0.0444855 -2.98111e-08
1.50981e-08 0.0444855 -2.8764e-08
1.58509e-08 0.0444855 -2.94188e-08
1.47216e-08 0.0444855 -2.95616e-08
1.46385e-08 0.0444855 -2.96964e-08
1.488e-08 0.0444855 -2.91496e-08
1.4766e-08 0.0444855 -2.95449e-08
1.5703e-08 0.0444855 -2.9031e-08
1.52355e-08 0.0444855 -3.02085e-08
1.51485e-08 0.0444855 -2.92902e-08
1.42316e-08 0.0444855 -3.0135e-08
1.49816e-08 0.0444855 -2.91074e-08
1.57234e-08 0.0444855 -2.93941e-08
1.26919e-08 0.0448287 -2.98454e-08
1.35363e-08 0.0448287 -2.92115e-08
1.44318e-08 0.0448287 -2.92712e-08
1.46887e-08 0.0448287 -2.93603e-08
1.56047e-08 0.0448287 -3.02182e-08
1.33792e-08 0.0448287 -2.9552e-08
1.39039e-08 0.0448287 -2.92432e-08
1.40695e-08 0.0448287 -2.96525e-08
1.44299e-08 0.0448287 -2.96655e-08
1.60104e-08 0.0448287 -2.97761e-08
1.395e-08 0.0448287 -2.96587e-08
1.39923e-08 0.0448287 -2.95034e-08
1.44273e-08 0.0448287 -2.91591e-08
1.40117e-08 0.0448287 -2.95991e-08
1.50869e-08 0.0448287 -2.93802e-08
1.39685e-08 0.0448287 -2.95358e-08
1.40127e-08 0.0448287 -2.95472e-08
1.42769e-08 0.0448287 -2.95538e-08
1.43512e-08 0.0448287 -2.92352e-08
1.37395e-08 0.0448287 -2.9719e-08
1.3693e-08 0.0448287 -2.99455e-08
1.4043e-08 0.0448287 -2.96785e-08
1.38043e-08 0.0448287 -2.93524e-08
1.45412e-08 0.0448287 -2.90026e-08
1.3331e-08 0.0448287 -2.8179e-08
1.26383e-08 0.0449707 -2.90708e-08
1.38099e-08 0.0449707 -2.79112e-08
1.3552e-08 0.0449707 -2.92732e-08
1.43355e-08 0.0449707 -2.89929e-08
1.50205e-08 0.0449707 -2.90741e-08
1.34243e-08 0.0449707 -2.86585e-08
1.35965e-08 0.0449707 -2.87606e-08
1.39797e-08 0.0449707 -2.85377e-08
1.38553e-08 0.0449707 -2.89048e-08
1.46308e-08 0.0449707 -2.89271e-08
1.28182e-08 0.0449707 -2.93792e-08
1.39842e-08 0.0449707 -2.92344e-08
1.39386e-08 0.0449707 -2.93171e-08
1.4112e-08 0.0449707 -2.9472e-08
1.44091e-08 0.0449707 -2.90501e-08
1.27261e-08 0.0449707 -2.93825e-08
1.43494e-08 0.0449707 -2.95977e-08
1.38539e-08 0.0449707 -2.87683e-08
1.38891e-08 0.0449707 -2.91597e-08
1.43463e-08 0.0449707 -2.93944e-08
1.34962e-08 0.0449707 -2.92538e-08
1.37383e-08 0.0449707 -2.89559e-08
1.42964e-08 0.0449707 -2.92512e-08
1.43148e-08 0.0449707 -2.87863e-08
1.40503e-08 0.0449707 -2.90819e-08
1.43369e-08 0.0449964 -2.71012e-08
1.35531e-08 0.0449964 -2.84316e-08
1.43442e-08 0.0449964 -2.74549e-08
1.39402e-08 0.0449964 -2.78379e-08
1.49658e-08 0.0449964 -2.75026e-08
1.34904e-08 0.0449964 -2.81846e-08
1.40213e-08 0.0449964 -2.77325e-08
1.42726e-08 0.0449964 -2.83674e-08
1.4037e-08 0.0449964 -2.83781e-08
1.43459e-08 0.0449964 -2.81856e-08
1.39612e-08 0.0449964 -2.80759e-08
1.4176e-08 0.0449964 -2.8473e-08
1.41786e-08 0.0449964 -2.88102e-08
1.37305e-08 0.0449964 -2.85019e-08
1.47922e-08 0.0449964 -2.81861e-08
1.35227e-08 0.0449964 -2.86427e-08
1.43691e-08 0.0449964 -2.85607e-08
1.42037e-08 0.0449964 -2.83498e-08
1.42347e-08 0.0449964 -2.869e-08
1.38183e-08 0.0449964 -2.87613e-08
1.36212e-08 0.0449964 -2.80166e-08
1.41819e-08 0.0449964 -2.86209e-08
1.4686e-08 0.0449964 -2.8291e-08
1.37744e-08 0.0449964 -2.807e-08
1.32796e-08 0.0449964 -2.83771e-08
1.42747e-08 0.045037 -2.76042e-08
1.44228e-08 0.045037 -2.7942e-08
1.46882e-08 0.045037 -2.7571e-08
1.50612e-08 0.045037 -2.80601e-08
1.53084e-08 0.045037 -2.72884e-08
1.46268e-08 0.045037 -2.80133e-08
1.49029e-08 0.045037 -2.82119e-08
1.46286e-08 0.045037 -2.82668e-08
1.45157e-08 0.045037 -2.75751e-08
1.46568e-08 0.045037 -2.73596e-08
1.55094e-08 0.045037 -2.76927e-08
1.48701e-08 0.045037 -2.82459e-08
1.46179e-08 0.045037 -2.83335e-08
1.47193e-08 0.045037 -2.81315e-08
1.4587e-08 0.045037 -2.80913e-08
1.4823e-08 0.045037 -2.85234e-08
1.48968e-08 0.045037 -2.83243e-08
1.49659e-08 0.045037 -2.83486e-08
1.42652e-08 0.045037 -2.79863e-08
1.52771e-08 0.045037 -2.82575e-08
1.46629e-08 0.045037 -2.87469e-08
1.52037e-08 0.045037 -2.90154e-08
1.46692e-08 0.045037 -2.87079e-08
1.46223e-08 0.045037 -2.83524e-08
1.4599e-08 0.045037 -2.86626e-08
1.38622e-08 0.0452377 -2.81552e-08
1.56752e-08 0.0452377 -2.77443e-08
1.65314e-08 0.0452377 -2.77876e-08
1.59993e-08 0.0452377 -2.83714e-08
1.59128e-08 0.0452377 -2.77318e-08
1.62131e-08 0.0452377 -2.81237e-08
1.58447e-08 0.0452377 -2.80683e-08
1.58012e-08 0.0452377 -2.82527e-08
1.57899e-08 0.0452377 -2.85412e-08
1.57992e-08 0.0452377 -2.77873e-08
1.60484e-08 0.0452377 -2.83179e-08
1.60905e-08 0.0452377 -2.84321e-08
1.58214e-08 0.0452377 -2.86239e-08
1.51809e-08 0.0452377 -2.77748e-08
1.56256e-08 0.0452377 -2.81136e-08
1.56732e-08 0.0452377 -2.82588e-08
1.59068e-08 0.0452377 -2.82155e-08
1.57098e-08 0.0452377 -2.83257e-08
1.57125e-08 0.0452377 -2.83159e-08
1.47741e-08 0.0452377 -2.72668e-08
1.76005e-08 0.0452377 -2.80459e-08
1.49527e-08 0.0452377 -2.86778e-08
1.5871e-08 0.0452377 -2.8003e-08
1.5522e-08 0.0452377 -2.79119e-08
1.66756e-08 0.0452377 -2.76105e-08
1.80891e-08 0.0457014 -2.89058e-08
1.66258e-08 0.0457014 -2.87999e-08
1.69716e-08 0.0457014 -2.72401e-08
1.76109e-08 0.0457014 -2.8674e-08
1.87954e-08 0.0457014 -2.88925e-08
1.68321e-08 0.0457014 -2.85978e-08
1.70777e-08 0.0457014 -2.8915e-08
1.71167e-08 0.0457014 -2.89251e-08
1.69504e-08 0.0457014 -2.87767e-08
1.83429e-08 0.0457014 -2.88006e-08
1.75072e-08 0.0457014 -2.94042e-08
1.7051e-08 0.0457014 -2.92009e-08
1.72648e-08 0.0457014 -2.93314e-08
1.74495e-08 0.0457014 -2.83862e-08
1.64424e-08 0.0457014 -2.79499e-08
1.77697e-08 0.0457014 -2.89817e-08
1.67662e-08 0.0457014 -2.92823e-08
1.69339e-08 0.0457014 -2.91503e-08
1.69568e-08 0.0457014 -2.81885e-08
1.71136e-08 0.0457014 -2.79932e-08
1.69894e-08 0.0457014 -2.93447e-08
1.73839e-08 0.0457014 -2.85455e-08
1.69196e-08 0.0457014 -2.86261e-08
1.63176e-08 0.0457014 -2.83851e-08
1.77441e-08 0.0457014 -2.81512e-08
1.74682e-08 0.0464211 -3.05934e-08
1.95345e-08 0.0464211 -3.048e-08
1.93184e-08 0.0464211 -3.09936e-08
1.93021e-08 0.0464211 -3.0095e-08
2.01511e-08 0.046421 -3.04108e-08
1.85582e-08 0.0464211 -3.07659e-08
1.92139e-08 0.0464211 -3.03893e-08
1.9023e-08 0.0464211 -2.97912e-08
1.81656e-08 0.0464211 -2.89246e-08
1.89306e-08 0.0464211 -2.95196e-08
1.91458e-08 0.0464211 -3.05146e-08
1.88515e-08 0.0464211 -3.03153e-08
1.86422e-08 0.0464211 -3.00095e-08
1.87481e-08 0.0464211 -2.94026e-08
1.85519e-08 0.0464211 -2.99495e-08
1.92429e-08 0.0464211 -3.04169e-08
1.85092e-08 0.0464211 -3.05678e-08
1.86462e-08 0.0464211 -2.9992e-08
1.92175e-08 0.0464211 -2.92239e-08
1.8506e-08 0.0464211 -2.80341e-08
1.83032e-08 0.0464211 -2.96552e-08
1.88349e-08 0.0464211 -3.04825e-08
1.89899e-08 0.0464211 -2.99804e-08
1.80826e-08 0.0464211 -2.96693e-08
1.98036e-08 0.0464211 -2.74638e-08
2.30781e-08 0.047232 -3.3476e-08
2.06772e-08 0.047232 -3.10641e-08
2.09207e-08 0.047232 -3.18953e-08
2.11203e-08 0.047232 -3.19181e-08
2.14017e-08 0.047232 -3.1267e-08
2.26055e-08 0.047232 -3.16288e-08
2.07403e-08 0.047232 -3.21554e-08
2.11975e-08 0.047232 -3.17361e-08
2.03519e-08 0.047232 -3.0907e-08
2.23488e-08 0.047232 -3.1182e-08
2.17383e-08 0.047232 -3.20845e-08
2.10216e-08 0.047232 -3.17988e-08
2.05703e-08 0.047232 -3.0343e-08
2.00817e-08 0.047232 -3.03691e-08
2.1359e-08 0.047232 -2.96684e-08
2.18683e-08 0.047232 -3.18878e-08
2.08304e-08 0.047232 -3.18058e-08
2.06118e-08 0.047232 -3.07621e-08
2.09554e-08 0.047232 -2.94707e-08
1.97033e-08 0.047232 -3.03801e-08
2.51809e-08 0.047232 -3.31259e-08
1.92803e-08 0.047232 -3.17703e-08
2.01535e-08 0.047232 -3.19802e-08
2.10144e-08 0.047232 -3.0719e-08
1.80946e-08 0.047232 -2.92388e-08
2.50875e-08 0.0478358 -3.37949e-08
2.16464e-08 0.0478358 -3.31712e-08
2.26288e-08 0.0478358 -3.29047e-08
2.22533e-08 0.0478358 -3.09886e-08
2.85046e-08 0.0478358 -3.19847e-08
2.47218e-08 0.0478358 -3.41699e-08
2.26431e-08 0.0478358 -3.26889e-08
2.19737e-08 0.0478358 -3.27901e-08
2.24257e-08 0.0478358 -3.08367e-08
2.35162e-08 0.0478358 -3.01229e-08
2.36086e-08 0.0478358 -3.3733e-08
2.30193e-08 0.0478358 -3.32137e-08
2.24757e-08 0.0478358 -3.21526e-08
2.21551e-08 0.0478358 -3.09499e-08
2.22051e-08 0.0478358 -3.08715e-08
2.45051e-08 0.0478358 -3.45264e-08
2.31267e-08 0.0478358 -3.29629e-08
2.34035e-08 0.0478358 -3.15824e-08
2.21192e-08 0.0478358 -3.06398e-08
2.3321e-08 0.0478358 -3.00227e-08
2.3339e-08 0.0478358 -3.38812e-08
2.32954e-08 0.0478358 -3.25701e-08
2.28846e-08 0.0478358 -3.20551e-08
2.21535e-08 0.0478358 -2.97229e-08
2.26876e-08 0.0478358 -3.03936e-08
2.45651e-08 0.0479551 -3.54871e-08
2.24905e-08 0.0479551 -3.45132e-08
2.20779e-08 0.0479551 -3.26556e-08
2.44777e-08 0.0479552 -2.84326e-08
2.79216e-08 0.0479552 -2.78191e-08
2.49064e-08 0.0479551 -3.47192e-08
2.37885e-08 0.0479551 -3.40443e-08
2.43929e-08 0.0479551 -3.20828e-08
2.52241e-08 0.0479551 -3.03514e-08
2.55041e-08 0.0479552 -2.85425e-08
2.56515e-08 0.0479551 -3.47377e-08
2.53453e-08 0.0479551 -3.30954e-08
2.43757e-08 0.0479551 -3.27346e-08
2.33384e-08 0.0479551 -3.05391e-08
2.27094e-08 0.0479551 -2.9569e-08
2.64639e-08 0.0479551 -3.74961e-08
2.60822e-08 0.0479551 -3.46046e-08
2.45843e-08 0.0479551 -3.28502e-08
2.34475e-08 0.0479551 -3.08003e-08
2.45569e-08 0.0479551 -3.04762e-08
2.54842e-08 0.0479551 -3.90654e-08
2.57073e-08 0.0479551 -3.69469e-08
2.53164e-08 0.0479551 -3.17673e-08
2.37956e-08 0.0479551 -2.99116e-08
2.29558e-08 0.0479551 -2.87017e-08
2.0206e-08 0.0476375 -3.72715e-08
2.30971e-08 0.0476375 -2.07221e-08
3.01788e-08 0.0476375 -1.96932e-08
2.81869e-08 0.0476375 -3.42314e-08
1.89835e-08 0.0476375 -2.20723e-08
2.41619e-08 0.0476375 -3.31435e-08
2.48297e-08 0.0476374 -3.21654e-08
2.67062e-08 0.0476375 -3.25001e-08
2.73553e-08 0.0476375 -2.75447e-08
2.41133e-08 0.0476376 -3.01346e-08
3.07373e-08 0.0476375 -4.24411e-08
2.66136e-08 0.0476374 -3.42606e-08
2.65376e-08 0.0476374 -3.34651e-08
2.43673e-08 0.0476375 -3.64105e-08
2.86725e-08 0.0476376 -2.71676e-08
2.91509e-08 0.0476375 -3.99214e-08
2.88697e-08 0.0476375 -3.31704e-08
2.49046e-08 0.0476375 -3.55582e-08
2.41588e-08 0.0476375 -3.03255e-08
2.6715e-08 0.0476375 -2.79413e-08
3.117e-08 0.0476375 -4.03058e-08
2.65603e-08 0.0476375 -5.10482e-08
2.58791e-08 0.0476375 -3.98841e-08
2.65404e-08 0.0476375 -3.3723e-08
2.33577e-08 0.0476375 -3.02505e-08
2.46625e-08 0.0475709 -3.67723e-08
1.88069e-08 0.0475708 -3.52961e-08
2.71792e-08 0.0475709 -4.3778e-08
3.36195e-08 0.047571 -3.82896e-08
9.32391e-09 0.0475709 -3.94658e-08
1.57514e-08 0.0475709 -2.64114e-08
2.53913e-08 0.0475709 -2.41417e-08
3.11371e-08 0.0475709 -3.64096e-08
3.03257e-08 0.0475711 -3.45332e-08
2.22378e-08 0.047571 -2.57597e-08
2.58249e-08 0.0475708 -1.61982e-08
3.26085e-08 0.0475707 -3.33931e-08
2.01123e-08 0.0475709 -3.61672e-08
2.99617e-08 0.0475709 -2.99962e-08
2.55371e-08 0.0475711 -4.1164e-08
2.81422e-08 0.0475707 -5.74634e-08
2.18867e-08 0.0475708 -3.75852e-08
2.61798e-08 0.0475709 -3.26789e-08
2.52979e-08 0.0475709 -1.84568e-08
2.23306e-08 0.0475712 -4.43642e-08
3.43204e-08 0.0475709 -7.92515e-08
1.48033e-08 0.0475708 -5.00609e-08
3.35904e-08 0.0475709 -4.28852e-08
2.81622e-08 0.0475709 -1.73931e-08
2.40577e-08 0.047571 -7.77209e-09
8.20864e-09 0.0488684 -4.65548e-09
2.60311e-08 0.0488687 -2.0544e-08
9.72523e-09 0.0488688 -1.32662e-08
3.73884e-08 0.0488688 -5.01003e-08
3.8856e-08 0.048869 -9.72886e-09
3.79414e-08 0.0488679 -2.40397e-08
1.25066e-08 0.0488687 -2.38829e-08
2.72939e-08 0.0488685 -2.04233e-08
2.25897e-08 0.0488688 -2.6427e-08
2.54083e-08 0.0488693 -3.38191e-08
1.01617e-08 0.0488684 -3.77754e-08
1.0008e-08 0.0488683 -1.98974e-08
2.43713e-08 0.0488685 -2.25697e-08
1.40317e-08 0.0488687 -9.0422e-09
5.19042e-08 0.0488689 -3.43637e-08
1.74032e-08 0.0488688 -4.24001e-08
1.80502e-08 0.0488682 -4.52683e-08
3.29285e-08 0.0488687 -2.74581e-08
1.9559e-08 0.0488685 -1.70549e-08
5.23573e-08 0.0488684 -2.34693e-08
1.41245e-09 0.0488681 -3.16659e-08
3.89407e-08 0.0488682 -4.19138e-08
4.59977e-08 0.0488683 -1.61062e-08
2.08146e-08 0.0488687 -1.82146e-08
-1.45451e-08 0.0488685 -1.20519e-08
2.86018e-08 0.0508878 1.94245e-09
1.80989e-08 0.0508883 -2.191e-08
1.78342e-08 0.0508881 -1.78609e-08
2.78062e-08 0.0508883 -3.03608e-08
-5.07453e-08 0.0508882 -4.46842e-08
2.01331e-08 0.0508884 -6.0447e-09
2.06654e-09 0.0508882 8.62372e-10
8.37645e-09 0.0508881 -5.6273e-09
3.42834e-09 0.0508884 -8.65703e-09
6.6499e-09 0.0508885 -1.64972e-08
-1.88579e-08 0.0508879 -2.22983e-08
2.85928e-08 0.0508883 -8.43497e-09
2.14989e-08 0.0508882 -1.2896e-08
-1.82061e-09 0.0508882 -1.02739e-09
4.95447e-08 0.0508883 6.83576e-09
-1.71112e-08 0.0508873 -5.47209e-09
1.72095e-08 0.0508882 -1.16534e-08
2.44306e-08 0.0508881 -8.9737e-09
1.55645e-08 0.0508885 -5.57066e-09
8.38008e-09 0.0508877 -1.07134e-08
4.24764e-08 0.0508876 -2.01516e-09
-3.93243e-10 0.0508877 -2.12447e-08
2.03727e-08 0.0508883 -1.01732e-08
1.96605e-08 0.0508884 1.11527e-09
1.08869e-08 0.0508882 -5.56847e-08
0 0.05 0
0 0.05 0
0 0.05 0
0 0.05 0
0 0.05 0
0 0.05 0
0 0.05 0
0 0.05 0
0 0.05 0
0 0.05 0
0 0.05 0
0 0.05 0
0 0.05 0
0 0.05 0
0 0.05 0
0 0.05 0
0 0.05 0
0 0.05 0
0 0.05 0
0 0.05 0
0 0.05 0
0 0.05 0
0 0.05 0
0 0.05 0
0 0.05 0
