0 0 0
0 0 0
0 0 0
0 0 0
0 0 0
0 0 0
0 0 0
0 0 0
0 0 0
0 0 0
0 0 0
0 0 0
0 0 0
0 0 0
0 0 0
0 0 0
0 0 0
0 0 0
0 0 0
0 0 0
0 0 0
0 0 0
0 0 0
0 0 0
0 0 0
-2.42442e-09 0.00287013 -2.48001e-10
-2.29925e-09 0.00287013 -5.77049e-10
-2.24337e-09 0.00287013 -6.42614e-10
-2.11894e-09 0.00287013 -7.44405e-10
-1.6053e-09 0.00287013 -7.71079e-10
-2.43424e-09 0.00287013 -5.11575e-10
-2.30699e-09 0.00287012 -5.79283e-10
-2.19394e-09 0.00287013 -6.69247e-10
-2.04431e-09 0.00287012 -5.98232e-10
-1.82181e-09 0.00287013 -7.15485e-10
-2.43692e-09 0.00287013 -6.1677e-10
-2.31531e-09 0.00287012 -6.02615e-10
-2.18264e-09 0.00287013 -6.19146e-10
-2.08401e-09 0.00287013 -6.12841e-10
-1.90493e-09 0.00287013 -5.9104e-10
-2.30316e-09 0.00287013 -5.49702e-10
-2.28211e-09 0.00287013 -5.92134e-10
-2.1435e-09 0.00287013 -4.99714e-10
-2.02802e-09 0.00287013 -5.69992e-10
-1.98679e-09 0.00287013 -5.11297e-10
-2.29988e-09 0.00287013 -6.78344e-10
-2.24977e-09 0.00287013 -4.0892e-10
-2.30418e-09 0.00287012 -5.09526e-10
-2.06097e-09 0.00287013 -5.80584e-10
-1.89831e-09 0.00287013 -5.03659e-10
-4.38149e-09 0.0056808 -1.06655e-09
-4.55827e-09 0.00568079 -1.08239e-09
-4.20772e-09 0.00568079 -1.21519e-09
-4.03896e-09 0.00568079 -1.26119e-09
-3.82531e-09 0.0056808 -1.33136e-09
-4.67897e-09 0.0056808 -1.15745e-09
-4.49216e-09 0.00568079 -1.11112e-09
-4.44359e-09 0.00568079 -1.15975e-09
-3.99798e-09 0.00568079 -1.17083e-09
-3.70778e-09 0.0056808 -1.22708e-09
-4.77731e-09 0.0056808 -1.23071e-09
-4.3774e-09 0.00568079 -1.13608e-09
-4.29131e-09 0.00568079 -1.21165e-09
-4.25428e-09 0.00568079 -1.06269e-09
-3.80017e-09 0.00568079 -1.08574e-09
-4.47556e-09 0.00568079 -1.06031e-09
-4.56926e-09 0.00568079 -1.09603e-09
-4.29176e-09 0.00568079 -1.20587e-09
-4.08329e-09 0.00568079 -1.23586e-09
-4.06392e-09 0.00568079 -1.07238e-09
-4.49382e-09 0.0056808 -8.33717e-10
-4.34872e-09 0.00568079 -1.23009e-09
-4.30774e-09 0.0056808 -9.00412e-10
-3.93726e-09 0.00568079 -1.13414e-09
-4.12148e-09 0.0056808 -1.17111e-09
-7.05626e-09 0.00837417 -1.52458e-09
-6.4969e-09 0.00837417 -1.4285e-09
-6.4319e-09 0.00837417 -1.46187e-09
-6.19069e-09 0.00837417 -1.1192e-09
-5.74291e-09 0.00837417 -1.65263e-09
-6.78337e-09 0.00837417 -1.60076e-09
-6.56632e-09 0.00837416 -1.50594e-09
-6.19479e-09 0.00837416 -1.46646e-09
-6.1218e-09 0.00837416 -1.31738e-09
-5.64903e-09 0.00837416 -1.29961e-09
-6.90366e-09 0.00837416 -1.56612e-09
-6.60904e-09 0.00837416 -1.56947e-09
-6.32256e-09 0.00837416 -1.53718e-09
-5.9708e-09 0.00837416 -1.65393e-09
-5.75529e-09 0.00837416 -1.5526e-09
-6.83307e-09 0.00837416 -1.3681e-09
-6.58139e-09 0.00837416 -1.57691e-09
-6.31313e-09 0.00837416 -1.61455e-09
-5.99543e-09 0.00837416 -1.43179e-09
-5.39599e-09 0.00837416 -1.51775e-09
-7.11451e-09 0.00837416 -1.70257e-09
-6.87814e-09 0.00837416 -1.28299e-09
-6.22521e-09 0.00837416 -1.69404e-09
-5.96392e-09 0.00837416 -1.73003e-09
-5.72242e-09 0.00837416 -1.28262e-09
-8.65106e-09 0.0108956 -1.72555e-09
-8.1034e-09 0.0108956 -1.24238e-09
-8.19731e-09 0.0108956 -1.16326e-09
-8.14269e-09 0.0108956 -1.32409e-09
-7.30753e-09 0.0108956 -1.58585e-09
-8.98294e-09 0.0108956 -1.66864e-09
-8.3833e-09 0.0108956 -1.7384e-09
-8.14777e-09 0.0108956 -1.7434e-09
-8.07252e-09 0.0108956 -1.76546e-09
-7.61319e-09 0.0108956 -1.17383e-09
-8.73225e-09 0.0108956 -1.51687e-09
-8.44714e-09 0.0108956 -1.80238e-09
-8.10139e-09 0.0108956 -1.84648e-09
-7.92525e-09 0.0108956 -1.69936e-09
-7.53552e-09 0.0108956 -1.84893e-09
-9.10637e-09 0.0108956 -1.60887e-09
-8.58883e-09 0.0108956 -1.88832e-09
-7.96374e-09 0.0108956 -2.02061e-09
-7.74302e-09 0.0108956 -1.95205e-09
-7.45531e-09 0.0108956 -1.6974e-09
-8.86861e-09 0.0108956 -1.77575e-09
-8.32894e-09 0.0108956 -1.89938e-09
-8.28086e-09 0.0108956 -1.41731e-09
-7.16287e-09 0.0108956 -1.62958e-09
-7.37495e-09 0.0108956 -1.31154e-09
-9.80273e-09 0.0131955 -1.25431e-09
-9.7812e-09 0.0131955 -1.68757e-09
-9.79969e-09 0.0131955 -1.69194e-09
-1.04299e-08 0.0131955 -1.43649e-09
-1.01315e-08 0.0131955 -1.0118e-09
-1.00045e-08 0.0131955 -1.40629e-09
-9.67485e-09 0.0131955 -1.38116e-09
-9.74645e-09 0.0131955 -1.55421e-09
-9.7171e-09 0.0131955 -1.49705e-09
-9.59822e-09 0.0131955 -1.63208e-09
-1.05472e-08 0.0131955 -1.63678e-09
-1.00538e-08 0.0131955 -1.54358e-09
-9.6485e-09 0.0131955 -1.72676e-09
-9.70587e-09 0.0131955 -1.61083e-09
-9.20244e-09 0.0131955 -1.12056e-09
-1.00613e-08 0.0131955 -1.61883e-09
-1.00501e-08 0.0131955 -1.78679e-09
-9.56842e-09 0.0131955 -1.84555e-09
-9.26107e-09 0.0131955 -1.65254e-09
-9.32813e-09 0.0131955 -1.98007e-09
-9.60923e-09 0.0131955 -1.85067e-09
-1.06819e-08 0.0131955 -2.08467e-09
-9.3054e-09 0.0131955 -2.10926e-09
-9.25391e-09 0.0131955 -1.58203e-09
-8.95262e-09 0.0131955 -1.23576e-09
-1.03168e-08 0.0152307 -1.03564e-09
-1.07339e-08 0.0152307 -1.50648e-09
-1.07513e-08 0.0152307 -9.41923e-10
-1.11433e-08 0.0152307 -9.83656e-10
-1.18688e-08 0.0152307 -9.70631e-10
-1.1564e-08 0.0152307 -1.26659e-09
-1.09554e-08 0.0152307 -1.35043e-09
-1.08622e-08 0.0152307 -1.32932e-09
-1.10682e-08 0.0152307 -1.26631e-09
-1.13359e-08 0.0152307 -9.3441e-10
-1.15131e-08 0.0152307 -9.16609e-10
-1.12593e-08 0.0152307 -1.21108e-09
-1.0906e-08 0.0152307 -1.14218e-09
-1.07437e-08 0.0152307 -1.35191e-09
-1.08641e-08 0.0152307 -1.09086e-09
-1.137e-08 0.0152307 -1.18377e-09
-1.13837e-08 0.0152307 -1.18539e-09
-1.10131e-08 0.0152307 -1.24163e-09
-1.07534e-08 0.0152307 -1.57936e-09
-1.06417e-08 0.0152307 -1.54311e-09
-1.25362e-08 0.0152307 -6.86212e-10
-1.1216e-08 0.0152307 -1.4813e-09
-1.06659e-08 0.0152307 -1.3873e-09
-1.05888e-08 0.0152307 -2.1018e-09
-1.06096e-08 0.0152307 -1.75946e-09
-1.26377e-08 0.0169663 -2.62253e-10
-1.18941e-08 0.0169663 -8.83732e-10
-1.14961e-08 0.0169663 -1.22559e-10
-1.15773e-08 0.0169663 -5.89345e-10
-1.27077e-08 0.0169663 6.80753e-11
-1.21592e-08 0.0169663 -8.29798e-10
-1.22992e-08 0.0169663 -6.30687e-10
-1.17614e-08 0.0169663 -6.46237e-10
-1.16896e-08 0.0169663 -3.68057e-10
-1.23253e-08 0.0169663 -6.17788e-10
-1.23307e-08 0.0169663 -5.37699e-10
-1.21862e-08 0.0169663 -6.57155e-10
-1.203e-08 0.0169663 -7.08734e-10
-1.2066e-08 0.0169663 -9.26409e-10
-1.14869e-08 0.0169663 -9.28392e-10
-1.24887e-08 0.0169663 -4.84101e-10
-1.21145e-08 0.0169663 -8.54842e-10
-1.23318e-08 0.0169663 -8.01685e-10
-1.16341e-08 0.0169663 -1.01432e-09
-1.17704e-08 0.0169663 -9.29274e-10
-1.22135e-08 0.0169663 -3.15914e-10
-1.24213e-08 0.0169663 -3.2422e-10
-1.16644e-08 0.0169663 -5.54329e-10
-1.13923e-08 0.0169663 -6.33913e-10
-1.10984e-08 0.0169663 -1.23278e-09
-1.21102e-08 0.0183776 -1.36708e-10
-1.29655e-08 0.0183776 1.11161e-09
-1.25868e-08 0.0183776 4.902e-10
-1.28284e-08 0.0183776 5.42916e-10
-1.23766e-08 0.0183776 2.25007e-10
-1.29231e-08 0.0183776 5.74073e-10
-1.23621e-08 0.0183776 4.24695e-10
-1.26386e-08 0.0183776 4.00649e-10
-1.2872e-08 0.0183776 3.71505e-10
-1.19202e-08 0.0183776 4.72545e-10
-1.26146e-08 0.0183776 3.58555e-10
-1.26845e-08 0.0183776 7.37046e-11
-1.2505e-08 0.0183776 -3.48288e-10
-1.27159e-08 0.0183776 -9.83214e-12
-1.20911e-08 0.0183776 -4.73976e-11
-1.22897e-08 0.0183776 2.50247e-10
-1.28482e-08 0.0183776 5.40207e-10
-1.23946e-08 0.0183776 2.21303e-10
-1.26261e-08 0.0183776 4.97485e-11
-1.21713e-08 0.0183776 -1.57052e-10
-1.32526e-08 0.0183776 4.08303e-10
-1.29151e-08 0.0183776 2.21689e-11
-1.22951e-08 0.0183776 2.25012e-10
-1.23135e-08 0.0183776 -1.40993e-10
-1.22849e-08 0.0183776 1.89981e-10
-1.32025e-08 0.0194513 2.34078e-09
-1.26256e-08 0.0194513 1.41278e-09
-1.32228e-08 0.0194513 2.38455e-09
-1.37605e-08 0.0194513 1.33399e-09
-1.1963e-08 0.0194513 1.43147e-09
-1.26354e-08 0.0194513 1.38852e-09
-1.27454e-08 0.0194513 1.50327e-09
-1.33033e-08 0.0194513 1.4272e-09
-1.28151e-08 0.0194513 1.43057e-09
-1.29133e-08 0.0194513 1.42781e-09
-1.285e-08 0.0194513 1.29381e-09
-1.28992e-08 0.0194513 1.4035e-09
-1.26883e-08 0.0194513 1.03537e-09
-1.28714e-08 0.0194513 1.27447e-09
-1.23475e-08 0.0194513 1.45238e-09
-1.28151e-08 0.0194513 7.91628e-10
-1.2942e-08 0.0194513 8.72831e-10
-1.29609e-08 0.0194513 1.33075e-09
-1.25904e-08 0.0194513 1.18783e-09
-1.25401e-08 0.0194513 9.52131e-10
-1.22991e-08 0.0194513 9.04176e-10
-1.30638e-08 0.0194513 1.66095e-09
-1.28979e-08 0.0194513 1.61896e-09
-1.23305e-08 0.0194513 1.5011e-09
-1.25245e-08 0.0194513 6.25794e-10
-1.21836e-08 0.0201872 3.48035e-09
-1.33059e-08 0.0201872 2.92195e-09
-1.34417e-08 0.0201872 2.12004e-09
-1.30743e-08 0.0201872 2.69774e-09
-1.30931e-08 0.0201872 2.98359e-09
-1.25222e-08 0.0201872 3.2775e-09
-1.29238e-08 0.0201872 2.41502e-09
-1.28329e-08 0.0201872 2.58021e-09
-1.29644e-08 0.0201872 2.57758e-09
-1.23663e-08 0.0201872 2.67877e-09
-1.30788e-08 0.0201872 2.77054e-09
-1.28146e-08 0.0201872 2.90742e-09
-1.29431e-08 0.0201872 2.47993e-09
-1.2808e-08 0.0201872 2.77463e-09
-1.1744e-08 0.0201872 2.43157e-09
-1.25316e-08 0.0201872 2.32177e-09
-1.28902e-08 0.0201872 2.29291e-09
-1.28157e-08 0.0201872 2.56971e-09
-1.26407e-08 0.0201872 2.47657e-09
-1.1944e-08 0.0201872 2.57413e-09
-1.30689e-08 0.0201872 1.56274e-09
-1.25976e-08 0.0201872 2.19688e-09
-1.28403e-08 0.0201872 2.5833e-09
-1.30045e-08 0.0201872 2.62545e-09
-1.25148e-08 0.0201872 1.66222e-09
-1.28508e-08 0.0205994 4.76537e-09
-1.2064e-08 0.0205994 4.43606e-09
-1.23425e-08 0.0205994 3.89358e-09
-1.22234e-08 0.0205994 4.74179e-09
-1.11655e-08 0.0205994 4.70934e-09
-1.21959e-08 0.0205994 4.72874e-09
-1.23146e-08 0.0205994 4.22548e-09
-1.26004e-08 0.0205994 3.7591e-09
-1.23102e-08 0.0205994 4.25449e-09
-1.29613e-08 0.0205994 4.34831e-09
-1.21802e-08 0.0205994 4.30767e-09
-1.23337e-08 0.0205994 4.34255e-09
-1.2517e-08 0.0205994 4.07008e-09
-1.25378e-08 0.0205994 4.20187e-09
-1.20018e-08 0.0205994 4.46541e-09
-1.23709e-08 0.0205994 4.16314e-09
-1.22575e-08 0.0205994 4.01806e-09
-1.23251e-08 0.0205994 4.36156e-09
-1.23113e-08 0.0205994 4.21623e-09
-1.20744e-08 0.0205994 4.40617e-09
-1.21769e-08 0.0205994 3.4465e-09
-1.23024e-08 0.0205994 4.2733e-09
-1.21832e-08 0.0205994 3.83408e-09
-1.19746e-08 0.0205994 4.59906e-09
-1.38893e-08 0.0205994 3.7499e-09
-1.07426e-08 0.020717 6.15008e-09
-1.1085e-08 0.020717 6.4725e-09
-1.13353e-08 0.020717 6.58003e-09
-1.17727e-08 0.020717 6.11358e-09
-1.23978e-08 0.020717 6.26024e-09
-1.12228e-08 0.020717 6.43589e-09
-1.14813e-08 0.020717 6.06633e-09
-1.14984e-08 0.020717 5.95312e-09
-1.16982e-08 0.020717 5.93756e-09
-1.1415e-08 0.020717 6.18389e-09
-1.15549e-08 0.020717 5.90522e-09
-1.14759e-08 0.020717 5.99017e-09
-1.15277e-08 0.020717 5.79444e-09
-1.15256e-08 0.020717 6.1428e-09
-1.16547e-08 0.020717 6.14804e-09
-1.08015e-08 0.020717 5.86254e-09
-1.16191e-08 0.020717 5.86309e-09
-1.12599e-08 0.020717 5.97778e-09
-1.13858e-08 0.020717 5.97529e-09
-1.16978e-08 0.020717 6.29443e-09
-1.08674e-08 0.020717 6.05715e-09
-1.13086e-08 0.020717 5.83701e-09
-1.09494e-08 0.020717 6.26866e-09
-1.11381e-08 0.020717 6.06137e-09
-1.09732e-08 0.020717 5.70483e-09
-1.01736e-08 0.0205842 8.11255e-09
-1.00556e-08 0.0205842 7.84549e-09
-1.04457e-08 0.0205842 7.50267e-09
-1.09509e-08 0.0205842 7.64188e-09
-1.0252e-08 0.0205842 7.73072e-09
-9.68131e-09 0.0205842 7.77609e-09
-1.03064e-08 0.0205842 7.86968e-09
-1.07543e-08 0.0205842 7.88094e-09
-1.04274e-08 0.0205842 7.87032e-09
-1.04323e-08 0.0205842 7.78005e-09
-1.02818e-08 0.0205842 7.46836e-09
-1.0401e-08 0.0205842 7.72699e-09
-1.02259e-08 0.0205842 7.77439e-09
-1.01671e-08 0.0205842 7.78629e-09
-1.05667e-08 0.0205842 7.62625e-09
-1.02896e-08 0.0205842 7.51374e-09
-1.00471e-08 0.0205842 7.49506e-09
-9.79677e-09 0.0205842 7.71946e-09
-1.02154e-08 0.0205842 7.42068e-09
-1.05124e-08 0.0205842 7.55999e-09
-9.91077e-09 0.0205842 7.44669e-09
-1.02729e-08 0.0205842 7.77082e-09
-9.70547e-09 0.0205842 7.6467e-09
-9.80539e-09 0.0205842 7.89368e-09
-1.01539e-08 0.0205842 7.11232e-09
-8.28523e-09 0.0202601 8.96956e-09
-8.90344e-09 0.0202601 9.10143e-09
-9.2689e-09 0.0202601 8.92136e-09
-9.1884e-09 0.0202601 8.86885e-09
-9.25819e-09 0.0202601 9.48104e-09
-8.5677e-09 0.0202601 9.17759e-09
-8.8905e-09 0.0202601 9.14191e-09
-9.02173e-09 0.0202601 8.95413e-09
-9.22382e-09 0.0202601 9.14108e-09
-9.30727e-09 0.0202601 9.0687e-09
-8.90494e-09 0.0202601 8.9424e-09
-8.74251e-09 0.0202601 9.05835e-09
-8.77269e-09 0.0202601 9.31477e-09
-9.04799e-09 0.0202601 8.94138e-09
-9.57921e-09 0.0202601 8.97401e-09
-8.73804e-09 0.0202601 8.892e-09
-8.61437e-09 0.0202601 9.21861e-09
-8.55482e-09 0.0202601 9.10315e-09
-9.06922e-09 0.0202601 8.942e-09
-9.54866e-09 0.0202601 8.97727e-09
-9.0897e-09 0.0202601 9.26545e-09
-8.32081e-09 0.0202601 8.99396e-09
-8.48174e-09 0.0202601 9.16866e-09
-8.81701e-09 0.0202601 8.95208e-09
-8.66996e-09 0.0202601 9.35119e-09
-7.46549e-09 0.0198173 9.8874e-09
-7.44462e-09 0.0198173 1.01189e-08
-7.82348e-09 0.0198173 1.00615e-08
-7.60263e-09 0.0198173 1.00626e-08
-7.6115e-09 0.0198173 1.00428e-08
-7.32449e-09 0.0198173 1.00568e-08
-7.53776e-09 0.0198173 1.00756e-08
-7.66236e-09 0.0198173 1.02344e-08
-7.7621e-09 0.0198173 1.00927e-08
-7.8395e-09 0.0198173 1.00189e-08
-7.39942e-09 0.0198173 1.01058e-08
-7.37047e-09 0.0198173 1.0081e-08
-7.49435e-09 0.0198173 1.01321e-08
-7.80709e-09 0.0198173 9.93138e-09
-7.59109e-09 0.0198173 9.76226e-09
-7.32079e-09 0.0198173 9.97808e-09
-7.50227e-09 0.0198173 9.88014e-09
-7.32205e-09 0.0198173 9.84558e-09
-7.52993e-09 0.0198173 9.77387e-09
-7.79927e-09 0.0198173 9.96427e-09
-7.08104e-09 0.0198173 9.81059e-09
-7.38204e-09 0.0198173 9.76931e-09
-7.36216e-09 0.0198173 9.96739e-09
-7.67147e-09 0.0198173 9.66392e-09
-7.21184e-09 0.0198173 1.01503e-08
-6.5269e-09 0.0193391 1.0955e-08
-6.29003e-09 0.0193391 1.08501e-08
-6.12735e-09 0.0193391 1.10822e-08
-6.50083e-09 0.0193391 1.05537e-08
-6.22272e-09 0.0193391 1.01252e-08
-6.09361e-09 0.0193391 1.06826e-08
-6.03543e-09 0.0193391 1.06844e-08
-6.11191e-09 0.0193391 1.07001e-08
-6.26334e-09 0.0193391 1.05984e-08
-6.29127e-09 0.0193391 1.04726e-08
-5.74886e-09 0.0193391 1.04506e-08
-6.02975e-09 0.0193391 1.05675e-08
-6.02006e-09 0.0193391 1.05225e-08
-6.12736e-09 0.0193391 1.05143e-08
-6.39102e-09 0.0193391 1.0498e-08
-5.5712e-09 0.0193391 1.01516e-08
-6.07234e-09 0.0193391 1.03941e-08
-5.92694e-09 0.0193391 1.04263e-08
-6.13034e-09 0.0193391 1.0246e-08
-6.20496e-09 0.0193391 1.02968e-08
-6.27041e-09 0.0193391 1.02981e-08
-5.84126e-09 0.0193391 1.01966e-08
-6.18408e-09 0.0193391 1.01127e-08
-5.83483e-09 0.0193391 1.03287e-08
-6.24658e-09 0.0193391 9.85613e-09
-5.26672e-09 0.0189158 1.08637e-08
-5.126e-09 0.0189158 1.08218e-08
-4.31835e-09 0.0189158 1.09002e-08
-5.07831e-09 0.0189158 1.04833e-08
-4.36604e-09 0.0189158 1.02986e-08
-4.58463e-09 0.0189158 1.08099e-08
-4.83712e-09 0.0189158 1.07989e-08
-4.673e-09 0.0189158 1.08093e-08
-4.74452e-09 0.0189158 1.06628e-08
-4.78612e-09 0.0189158 1.0625e-08
-4.6771e-09 0.0189158 1.02846e-08
-4.68194e-09 0.0189158 1.02503e-08
-4.52101e-09 0.0189158 1.03256e-08
-4.42823e-09 0.0189158 1.03225e-08
-4.57167e-09 0.0189158 1.03555e-08
-4.41944e-09 0.0189158 1.0138e-08
-4.52494e-09 0.0189158 1.01836e-08
-4.50113e-09 0.0189158 1.00556e-08
-4.39812e-09 0.0189158 1.00944e-08
-4.38789e-09 0.0189158 1.02008e-08
-3.79421e-09 0.0189158 1.03529e-08
-4.61119e-09 0.0189158 9.94478e-09
-4.17916e-09 0.0189158 9.93099e-09
-4.54746e-09 0.0189158 9.80801e-09
-4.55975e-09 0.0189158 1.03421e-08
-3.65824e-09 0.0186403 9.84075e-09
-3.95775e-09 0.0186403 9.86328e-09
-3.19741e-09 0.0186403 9.75007e-09
-2.85506e-09 0.0186403 9.70916e-09
-3.5286e-09 0.0186403 1.03593e-08
-4.24305e-09 0.0186403 9.14896e-09
-3.35294e-09 0.0186403 9.73688e-09
-3.05176e-09 0.0186403 9.70836e-09
-3.0905e-09 0.0186403 9.99608e-09
-2.50935e-09 0.0186403 9.4823e-09
-3.39151e-09 0.0186403 9.4542e-09
-3.12924e-09 0.0186403 9.48596e-09
-3.1766e-09 0.0186403 9.43103e-09
-2.72605e-09 0.0186403 9.59595e-09
-2.33393e-09 0.0186403 9.6917e-09
-3.31656e-09 0.0186403 9.1269e-09
-3.25143e-09 0.0186403 9.4045e-09
-2.95787e-09 0.0186403 9.40969e-09
-2.77944e-09 0.0186403 9.52225e-09
-2.37227e-09 0.0186403 9.59805e-09
-3.16799e-09 0.0186403 9.70166e-09
-2.82271e-09 0.0186403 9.17053e-09
-3.04766e-09 0.0186403 9.44988e-09
-2.71947e-09 0.0186403 9.36334e-09
-2.24114e-09 0.0186403 9.36108e-09
-1.95504e-09 0.0186012 7.98606e-09
-2.43284e-09 0.0186012 7.69495e-09
-1.96322e-09 0.0186012 7.79298e-09
-1.42903e-09 0.0186012 7.46493e-09
-4.71429e-10 0.0186012 8.43815e-09
-3.28707e-09 0.0186012 8.01553e-09
-1.98161e-09 0.0186012 7.75224e-09
-1.33339e-09 0.0186012 7.7741e-09
-1.21848e-09 0.0186012 7.98104e-09
-1.02808e-09 0.0186012 7.90565e-09
-2.79214e-09 0.0186012 7.76297e-09
-1.85595e-09 0.0186012 7.71556e-09
-1.15372e-09 0.0186012 7.8697e-09
-8.74396e-10 0.0186012 7.71426e-09
-5.37759e-10 0.0186012 7.77201e-09
-2.04761e-09 0.0186012 7.64697e-09
-1.71423e-09 0.0186012 7.66187e-09
-1.49844e-09 0.0186012 8.00312e-09
-9.91776e-10 0.0186012 7.93243e-09
-1.10027e-10 0.0186012 7.87013e-09
-1.6066e-09 0.0186012 7.57573e-09
-1.62462e-09 0.0186012 7.64646e-09
-1.3624e-09 0.0186012 7.80988e-09
-1.29164e-09 0.0186012 7.44797e-09
-4.09695e-11 0.0186012 7.49446e-09
-1.79401e-09 0.0188756 5.45454e-09
-1.10269e-09 0.0188756 4.93932e-09
-1.23679e-11 0.0188756 5.27616e-09
9.41752e-10 0.0188756 5.63951e-09
-8.16591e-10 0.0188756 5.63876e-09
-1.31726e-09 0.0188756 5.10849e-09
-6.63576e-10 0.0188756 4.92679e-09
1.05031e-10 0.0188756 4.99724e-09
4.61927e-10 0.0188756 5.03117e-09
3.17023e-10 0.0188756 5.22827e-09
-1.02072e-09 0.0188756 4.73076e-09
-4.0531e-10 0.0188756 5.32906e-09
2.1514e-10 0.0188756 5.05491e-09
4.98833e-10 0.0188756 5.22639e-09
9.42048e-10 0.0188756 4.8265e-09
-1.30535e-09 0.0188756 5.01096e-09
-5.31219e-10 0.0188756 5.00861e-09
2.78998e-10 0.0188756 5.0036e-09
5.16536e-10 0.0188756 5.03187e-09
1.30236e-09 0.0188756 5.26153e-09
-1.5391e-09 0.0188756 5.0187e-09
-3.39752e-10 0.0188756 5.29032e-09
1.47269e-10 0.0188756 4.83756e-09
2.3023e-10 0.0188756 5.02144e-09
1.49013e-09 0.0188756 4.30235e-09
-6.67574e-10 0.0195214 1.26954e-09
2.38419e-10 0.0195214 8.46654e-10
1.7643e-09 0.0195214 1.83022e-09
1.8239e-09 0.0195214 1.06319e-09
2.55368e-09 0.0195214 1.72772e-09
-2.57342e-10 0.0195214 1.10863e-09
4.21707e-10 0.0195214 1.30839e-09
1.54972e-09 0.0195214 1.21297e-09
2.17855e-09 0.0195214 1.38765e-09
2.58684e-09 0.0195214 1.11739e-09
-6.3671e-10 0.0195214 1.37081e-09
7.31413e-10 0.0195214 1.02821e-09
1.74045e-09 0.0195214 1.27105e-09
1.88351e-09 0.0195214 1.21217e-09
2.4879e-09 0.0195214 1.09049e-09
-3.09921e-10 0.0195214 1.41354e-09
6.39595e-10 0.0195214 1.16829e-09
1.31578e-09 0.0195214 1.46181e-09
1.73747e-09 0.0195214 1.27606e-09
3.11138e-09 0.0195214 1.4466e-09
-4.42215e-10 0.0195214 1.90136e-09
1.72851e-10 0.0195214 1.52825e-09
1.38709e-09 0.0195214 9.16593e-10
2.03645e-09 0.0195214 2.03026e-09
2.52107e-09 0.0195214 1.3178e-09
8.12304e-10 0.0205682 -3.37361e-09
1.77023e-09 0.0205682 -3.3427e-09
2.53775e-09 0.0205682 -3.83748e-09
3.45707e-09 0.0205682 -3.62328e-09
4.37601e-09 0.0205682 -3.08105e-09
-9.53717e-11 0.0205682 -3.42905e-09
1.432e-09 0.0205682 -3.48109e-09
2.50339e-09 0.0205682 -3.19559e-09
3.69547e-09 0.0205682 -3.50731e-09
3.63587e-09 0.0205682 -3.36131e-09
1.66872e-10 0.0205682 -3.016e-09
1.27477e-09 0.0205682 -3.12805e-09
2.4982e-09 0.0205682 -3.36361e-09
3.1948e-09 0.0205682 -3.33921e-09
4.72964e-09 0.0205682 -3.1876e-09
-5.30484e-10 0.0205682 -2.74735e-09
1.50206e-09 0.0205682 -3.0091e-09
2.39536e-09 0.0205682 -3.00918e-09
3.27825e-09 0.0205682 -2.7868e-09
4.00544e-09 0.0205682 -2.94071e-09
4.69415e-10 0.0205682 -2.51767e-09
1.79233e-09 0.0205682 -2.84014e-09
2.8014e-09 0.0205682 -3.11168e-09
2.45706e-09 0.0205682 -2.83361e-09
3.68654e-09 0.0205682 -1.90146e-09
2.99133e-10 0.0220103 -8.15376e-09
1.72257e-09 0.0220104 -8.25143e-09
3.49852e-09 0.0220103 -8.61152e-09
4.78626e-09 0.0220103 -8.44105e-09
5.40876e-09 0.0220103 -8.47579e-09
6.37789e-10 0.0220104 -8.1191e-09
1.73895e-09 0.0220103 -8.31804e-09
3.45707e-09 0.0220103 -8.13009e-09
4.33211e-09 0.0220103 -8.69619e-09
5.36442e-09 0.0220103 -8.63042e-09
-7.64144e-11 0.0220104 -7.93567e-09
1.92896e-09 0.0220103 -8.05156e-09
3.26634e-09 0.0220103 -8.35242e-09
4.2862e-09 0.0220103 -8.49884e-09
5.57898e-09 0.0220103 -8.40314e-09
3.99361e-10 0.0220103 -8.13042e-09
1.75595e-09 0.0220103 -7.93403e-09
3.18225e-09 0.0220103 -8.00147e-09
4.08781e-09 0.0220103 -8.21503e-09
5.98262e-09 0.0220103 -7.97249e-09
1.44841e-09 0.0220103 -7.99074e-09
1.61843e-09 0.0220103 -7.538e-09
3.19122e-09 0.0220103 -7.78587e-09
4.39883e-09 0.0220103 -7.78646e-09
4.26879e-09 0.0220103 -8.17472e-09
8.28476e-10 0.0238005 -1.40965e-08
2.01182e-09 0.0238005 -1.43045e-08
3.43765e-09 0.0238005 -1.43064e-08
5.35026e-09 0.0238005 -1.40692e-08
6.22497e-09 0.0238004 -1.4785e-08
4.87243e-10 0.0238005 -1.37776e-08
2.14419e-09 0.0238005 -1.37896e-08
3.60309e-09 0.0238005 -1.38563e-08
5.01331e-09 0.0238005 -1.43669e-08
5.93663e-09 0.0238005 -1.45262e-08
3.89265e-10 0.0238005 -1.35199e-08
2.04147e-09 0.0238005 -1.34219e-08
3.60012e-09 0.0238005 -1.35481e-08
4.88758e-09 0.0238005 -1.40332e-08
6.6843e-09 0.0238005 -1.40093e-08
8.62761e-10 0.0238005 -1.33134e-08
2.11002e-09 0.0238005 -1.33472e-08
3.52014e-09 0.0238005 -1.35663e-08
4.99084e-09 0.0238005 -1.34667e-08
6.11544e-09 0.0238005 -1.40842e-08
1.22785e-09 0.0238005 -1.30716e-08
2.56732e-09 0.0238005 -1.29134e-08
3.40085e-09 0.0238005 -1.31249e-08
4.74467e-09 0.0238005 -1.4046e-08
6.78453e-09 0.0238005 -1.4106e-08
1.32425e-09 0.0258469 -1.97426e-08
1.72255e-09 0.0258469 -2.0253e-08
3.87543e-09 0.0258469 -2.01057e-08
5.14204e-09 0.0258469 -2.0762e-08
6.86639e-09 0.0258469 -2.02965e-08
5.52483e-11 0.0258469 -1.95017e-08
2.05374e-09 0.0258469 -1.96483e-08
3.86862e-09 0.0258469 -1.99854e-08
5.33164e-09 0.0258469 -2.01441e-08
6.77474e-09 0.0258469 -2.0536e-08
1.16729e-09 0.0258469 -1.90975e-08
2.44117e-09 0.0258469 -1.9281e-08
3.72333e-09 0.0258469 -1.93306e-08
5.37745e-09 0.0258469 -1.9578e-08
6.82867e-09 0.0258469 -2.01657e-08
1.05549e-09 0.0258469 -1.91069e-08
2.48661e-09 0.0258469 -1.9051e-08
3.97769e-09 0.0258469 -1.89513e-08
5.14725e-09 0.0258469 -1.91786e-08
7.45237e-09 0.0258469 -1.95288e-08
1.03235e-09 0.0258469 -1.89618e-08
2.59577e-09 0.0258469 -1.87583e-08
3.81565e-09 0.0258469 -1.90207e-08
5.04105e-09 0.0258469 -1.93753e-08
6.86574e-09 0.0258469 -1.91909e-08
3.59506e-10 0.0280159 -2.54095e-08
1.73455e-09 0.0280159 -2.56392e-08
3.70591e-09 0.0280159 -2.58418e-08
5.29508e-09 0.0280159 -2.56772e-08
6.0323e-09 0.0280159 -2.62932e-08
5.80878e-10 0.0280159 -2.56943e-08
2.16516e-09 0.0280159 -2.53377e-08
3.81236e-09 0.0280159 -2.55976e-08
5.12037e-09 0.0280159 -2.57762e-08
8.04691e-09 0.0280159 -2.59654e-08
8.03237e-10 0.0280159 -2.47063e-08
2.56605e-09 0.0280159 -2.49143e-08
3.66271e-09 0.0280159 -2.47238e-08
5.45243e-09 0.0280159 -2.53116e-08
7.29775e-09 0.0280159 -2.53373e-08
1.2045e-09 0.0280159 -2.47342e-08
2.7832e-09 0.0280159 -2.4342e-08
4.21141e-09 0.0280159 -2.47168e-08
5.33009e-09 0.0280159 -2.42919e-08
7.18265e-09 0.0280159 -2.5077e-08
1.60463e-09 0.0280159 -2.42234e-08
2.76571e-09 0.0280159 -2.43379e-08
4.12461e-09 0.0280159 -2.42348e-08
5.63037e-09 0.0280159 -2.45116e-08
6.09774e-09 0.0280159 -2.41212e-08
2.87129e-10 0.0301409 -3.10779e-08
2.86075e-09 0.0301409 -3.02222e-08
3.72412e-09 0.0301409 -3.08669e-08
4.77528e-09 0.0301409 -3.09962e-08
8.52829e-09 0.030141 -3.07541e-08
1.05902e-09 0.0301409 -3.07829e-08
2.822e-09 0.0301409 -3.00308e-08
4.01965e-09 0.0301409 -3.02475e-08
5.01961e-09 0.0301409 -3.04889e-08
5.81637e-09 0.0301409 -3.08184e-08
7.71219e-10 0.0301409 -3.00558e-08
3.24223e-09 0.0301409 -3.01218e-08
3.71937e-09 0.0301409 -3.03897e-08
5.38856e-09 0.0301409 -3.01272e-08
7.69696e-09 0.0301409 -3.05344e-08
1.98134e-09 0.0301409 -2.98534e-08
3.01379e-09 0.0301409 -2.96931e-08
3.81476e-09 0.030141 -2.9897e-08
5.61097e-09 0.0301409 -3.00257e-08
6.54597e-09 0.030141 -2.94672e-08
1.90819e-09 0.0301409 -3.01376e-08
2.1932e-09 0.030141 -2.93062e-08
4.41579e-09 0.0301409 -2.91028e-08
5.6148e-09 0.0301409 -2.90279e-08
6.57962e-09 0.0301409 -2.88315e-08
2.82118e-09 0.03204 -3.53711e-08
3.72625e-09 0.03204 -3.51283e-08
4.57892e-09 0.03204 -3.4615e-08
4.67235e-09 0.03204 -3.42388e-08
4.57174e-09 0.03204 -3.45551e-08
1.92433e-09 0.03204 -3.42263e-08
3.33894e-09 0.03204 -3.43742e-08
4.43973e-09 0.03204 -3.43537e-08
4.57217e-09 0.03204 -3.47787e-08
6.465e-09 0.03204 -3.45381e-08
2.29319e-09 0.03204 -3.46813e-08
2.92157e-09 0.03204 -3.45259e-08
3.64022e-09 0.03204 -3.53601e-08
5.00563e-09 0.03204 -3.44763e-08
7.21709e-09 0.03204 -3.46557e-08
2.14213e-09 0.03204 -3.35401e-08
3.491e-09 0.03204 -3.39988e-08
3.46438e-09 0.03204 -3.36033e-08
5.20261e-09 0.03204 -3.37329e-08
6.94179e-09 0.03204 -3.35698e-08
3.76309e-10 0.03204 -3.30724e-08
3.90504e-09 0.03204 -3.35774e-08
4.00516e-09 0.03204 -3.41271e-08
5.35607e-09 0.03204 -3.35912e-08
6.10058e-09 0.03204 -3.30659e-08
1.77843e-09 0.0335436 -3.75696e-08
4.18063e-09 0.0335436 -3.7338e-08
4.29229e-09 0.0335436 -3.76607e-08
3.79331e-09 0.0335436 -3.73497e-08
4.47165e-09 0.0335436 -3.77967e-08
2.57734e-09 0.0335436 -3.7505e-08
3.7533e-09 0.0335436 -3.79048e-08
3.78477e-09 0.0335436 -3.76967e-08
4.46707e-09 0.0335436 -3.75041e-08
4.51552e-09 0.0335436 -3.67785e-08
2.78322e-09 0.0335436 -3.72086e-08
2.63103e-09 0.0335436 -3.77807e-08
3.97031e-09 0.0335436 -3.78168e-08
4.34351e-09 0.0335436 -3.71896e-08
6.7754e-09 0.0335436 -3.68228e-08
3.1873e-09 0.0335436 -3.67618e-08
3.05003e-09 0.0335436 -3.73758e-08
3.64003e-09 0.0335436 -3.7402e-08
4.71028e-09 0.0335436 -3.66976e-08
5.82701e-09 0.0335436 -3.67892e-08
3.82634e-09 0.0335436 -3.66194e-08
3.81109e-09 0.0335436 -3.68816e-08
3.32287e-09 0.0335436 -3.72727e-08
4.19086e-09 0.0335436 -3.74042e-08
5.47223e-09 0.0335436 -3.71999e-08
4.21491e-09 0.0345327 -3.77825e-08
3.92489e-09 0.0345327 -3.78101e-08
4.07172e-09 0.0345327 -3.86585e-08
2.97414e-09 0.0345327 -3.82539e-08
2.99598e-09 0.0345327 -3.85583e-08
2.47567e-09 0.0345327 -3.75139e-08
3.43485e-09 0.0345327 -3.83969e-08
3.78797e-09 0.0345327 -3.9027e-08
4.25934e-09 0.0345327 -3.84171e-08
4.2977e-09 0.0345327 -3.79868e-08
2.06369e-09 0.0345327 -3.88278e-08
3.8687e-09 0.0345327 -3.8837e-08
3.40469e-09 0.0345327 -3.89993e-08
4.29634e-09 0.0345327 -3.86394e-08
5.80248e-09 0.0345327 -3.91966e-08
2.6616e-09 0.0345327 -3.93068e-08
3.11042e-09 0.0345327 -3.88539e-08
3.88299e-09 0.0345327 -3.94436e-08
4.44317e-09 0.0345327 -3.90864e-08
5.15307e-09 0.0345327 -3.82881e-08
3.29429e-09 0.0345327 -3.8897e-08
3.87577e-09 0.0345327 -4.00243e-08
4.33547e-09 0.0345327 -3.93035e-08
4.51558e-09 0.0345327 -4.05543e-08
4.50507e-09 0.0345327 -3.8371e-08
4.44392e-09 0.0349849 -3.60534e-08
4.4534e-09 0.0349849 -3.65791e-08
3.67278e-09 0.0349849 -3.70986e-08
3.59134e-09 0.0349849 -3.73064e-08
2.40865e-09 0.0349849 -3.79424e-08
4.74684e-09 0.0349849 -3.69816e-08
3.66286e-09 0.0349849 -3.73224e-08
3.98313e-09 0.0349849 -3.82118e-08
3.84289e-09 0.0349849 -3.81347e-08
4.20401e-09 0.0349849 -3.72519e-08
4.01125e-09 0.0349849 -3.81498e-08
3.77814e-09 0.0349849 -3.803e-08
4.07579e-09 0.0349849 -3.87403e-08
4.01173e-09 0.0349849 -3.79112e-08
3.59799e-09 0.0349849 -3.79285e-08
2.85853e-09 0.0349849 -3.86871e-08
4.29703e-09 0.0349849 -3.8864e-08
3.82235e-09 0.0349849 -3.831e-08
3.67569e-09 0.0349849 -3.80031e-08
4.41491e-09 0.0349849 -3.87245e-08
3.92951e-09 0.0349849 -3.97101e-08
2.97947e-09 0.0349849 -3.8361e-08
3.57843e-09 0.0349849 -3.90757e-08
4.24692e-09 0.0349849 -3.89778e-08
3.69332e-09 0.0349849 -3.8289e-08
4.94281e-09 0.0350226 -3.38924e-08
5.01242e-09 0.0350226 -3.36524e-08
3.83815e-09 0.0350226 -3.2553e-08
3.17847e-09 0.0350226 -3.50898e-08
7.59933e-10 0.0350226 -3.44281e-08
5.88263e-09 0.0350226 -3.30032e-08
3.98976e-09 0.0350226 -3.41654e-08
4.23096e-09 0.0350226 -3.49176e-08
3.36463e-09 0.0350226 -3.49584e-08
2.28924e-09 0.0350226 -3.49952e-08
4.66201e-09 0.0350226 -3.45842e-08
4.91958e-09 0.0350226 -3.5193e-08
3.79062e-09 0.0350226 -3.5213e-08
2.94123e-09 0.0350226 -3.51843e-08
2.68406e-09 0.0350226 -3.52426e-08
4.92424e-09 0.0350226 -3.59025e-08
4.43909e-09 0.0350226 -3.62812e-08
3.75903e-09 0.0350226 -3.57773e-08
3.17151e-09 0.0350226 -3.61336e-08
2.64794e-09 0.0350226 -3.5591e-08
4.49582e-09 0.0350226 -3.54958e-08
4.53193e-09 0.0350226 -3.66098e-08
3.59535e-09 0.0350226 -3.52072e-08
2.52707e-09 0.0350226 -3.58569e-08
2.79534e-09 0.0350226 -3.55731e-08
6.79142e-09 0.0349521 -2.86183e-08
4.06771e-09 0.034952 -2.798e-08
2.81422e-09 0.0349521 -2.88177e-08
1.04489e-09 0.0349521 -2.99279e-08
-5.31539e-10 0.0349521 -2.90067e-08
6.59657e-09 0.034952 -2.89439e-08
4.83286e-09 0.0349521 -2.89614e-08
3.63192e-09 0.0349521 -2.96395e-08
1.67379e-09 0.0349521 -2.96897e-08
-7.00884e-10 0.0349521 -2.98525e-08
5.30453e-09 0.0349521 -2.90725e-08
5.46388e-09 0.0349521 -3.05532e-08
3.76141e-09 0.0349521 -3.02311e-08
1.9198e-09 0.0349521 -3.07501e-08
1.08746e-09 0.0349521 -3.11189e-08
6.43609e-09 0.0349521 -3.13734e-08
4.69411e-09 0.0349521 -3.15578e-08
3.88781e-09 0.0349521 -3.19262e-08
1.52774e-09 0.0349521 -3.18372e-08
1.24149e-09 0.0349521 -3.15287e-08
7.34131e-09 0.0349521 -3.30704e-08
5.47116e-09 0.0349521 -3.13563e-08
3.97118e-09 0.0349521 -3.25003e-08
1.31791e-09 0.0349521 -3.17076e-08
9.99115e-10 0.0349521 -3.11843e-08
9.21345e-09 0.035271 -2.43997e-08
5.47592e-09 0.035271 -2.2927e-08
3.90366e-09 0.035271 -2.62483e-08
-3.53491e-10 0.035271 -2.34021e-08
-2.6214e-09 0.035271 -2.25541e-08
6.58085e-09 0.035271 -2.39036e-08
6.25172e-09 0.035271 -2.42911e-08
2.58349e-09 0.035271 -2.4012e-08
9.69287e-11 0.035271 -2.54773e-08
-3.06204e-09 0.035271 -2.54767e-08
1.17387e-08 0.035271 -2.40965e-08
5.26253e-09 0.035271 -2.59474e-08
3.68532e-09 0.035271 -2.6652e-08
-2.31425e-10 0.035271 -2.63064e-08
-1.20468e-09 0.035271 -2.58845e-08
6.65496e-09 0.035271 -2.55801e-08
5.75949e-09 0.035271 -2.71877e-08
2.99429e-09 0.035271 -2.70644e-08
7.21508e-10 0.035271 -2.70835e-08
7.78511e-10 0.035271 -2.77385e-08
6.05017e-09 0.035271 -2.90995e-08
4.88545e-09 0.035271 -2.89422e-08
3.27687e-09 0.035271 -2.7543e-08
1.23594e-10 0.035271 -2.76242e-08
3.47155e-09 0.035271 -2.61084e-08
-4.56879e-10 0.0366096 -2.12167e-08
7.12185e-09 0.0366096 -1.95704e-08
1.31904e-09 0.0366096 -2.26514e-08
1.26669e-09 0.0366096 -2.70417e-08
-4.39521e-09 0.0366096 -2.35833e-08
8.8012e-09 0.0366096 -1.92806e-08
4.02459e-09 0.0366096 -2.26816e-08
3.86208e-09 0.0366096 -2.43553e-08
-2.75292e-09 0.0366096 -2.48223e-08
-2.53045e-09 0.0366097 -2.20102e-08
9.53873e-09 0.0366096 -2.07691e-08
3.8607e-09 0.0366096 -2.19791e-08
2.91931e-09 0.0366097 -2.16228e-08
-2.25157e-10 0.0366096 -2.15241e-08
1.6332e-09 0.0366096 -2.15499e-08
6.59083e-09 0.0366096 -1.85027e-08
3.85278e-09 0.0366096 -2.08875e-08
2.68844e-09 0.0366096 -1.80136e-08
6.66112e-10 0.0366096 -1.95433e-08
-3.13953e-09 0.0366096 -1.83491e-08
5.07855e-09 0.0366096 -1.39067e-08
4.19596e-09 0.0366096 -2.15841e-08
3.61257e-09 0.0366096 -2.16894e-08
1.44242e-09 0.0366096 -1.87942e-08
1.01807e-09 0.0366096 -2.12745e-08
2.98187e-09 0.0395479 -2.39745e-08
-2.44744e-09 0.0395479 -2.7005e-08
-1.66648e-09 0.039548 -2.65842e-08
-9.18618e-10 0.0395481 -2.25309e-08
8.71654e-09 0.0395481 -1.79615e-08
4.74154e-09 0.0395479 -2.51798e-08
2.31714e-09 0.0395479 -2.63798e-08
-1.39025e-09 0.039548 -2.33052e-08
3.57289e-10 0.039548 -2.40059e-08
2.56071e-09 0.039548 -2.36931e-08
8.87718e-09 0.0395479 -1.91035e-08
5.29722e-09 0.039548 -2.32105e-08
1.40341e-09 0.039548 -1.64187e-08
-9.38343e-10 0.039548 -1.71776e-08
-5.23656e-10 0.039548 -1.6191e-08
3.3522e-09 0.0395479 -1.16275e-08
5.53998e-09 0.039548 -4.97539e-09
2.14125e-09 0.039548 -7.0313e-09
-1.47867e-09 0.039548 -4.96724e-09
2.24031e-09 0.039548 -9.87909e-09
1.29093e-09 0.0395479 -9.61742e-09
8.86787e-09 0.0395479 4.40536e-13
1.68866e-09 0.039548 -3.25869e-09
-4.63187e-09 0.039548 -5.42732e-09
-4.98066e-09 0.039548 1.72187e-09
-1.48554e-08 0.0442224 -3.48774e-08
-7.23968e-10 0.0442227 -2.39064e-08
-7.98559e-09 0.0442226 1.94714e-08
4.59619e-09 0.0442227 -1.19143e-08
1.33727e-08 0.0442227 -4.59477e-09
-2.0425e-09 0.0442225 -3.7619e-08
-9.87427e-09 0.0442226 -3.16607e-08
-2.65064e-09 0.0442226 -2.19873e-08
2.21362e-10 0.0442226 -2.61244e-08
8.61907e-09 0.0442228 -2.16379e-08
1.39681e-09 0.0442225 -4.32282e-08
7.17181e-09 0.0442225 -2.58674e-08
7.25834e-09 0.0442226 -9.37493e-09
-5.05466e-09 0.0442226 -1.80777e-08
2.02505e-08 0.0442227 -2.68528e-08
9.54037e-09 0.0442226 -4.58238e-09
1.52934e-08 0.0442224 -3.12468e-09
-1.12052e-09 0.0442227 2.45914e-08
-1.46957e-08 0.0442227 -6.00693e-09
-6.23271e-09 0.0442225 1.04013e-08
1.5557e-08 0.0442223 2.25526e-08
1.44326e-08 0.0442227 2.88328e-08
-2.29211e-08 0.0442227 2.99815e-09
-1.66929e-09 0.0442225 5.79398e-08
-8.9364e-09 0.0442226 1.43519e-08
1.27055e-08 0.0495923 -5.17633e-08
6.83826e-10 0.0495924 -4.11433e-08
-4.23988e-08 0.0495919 1.48447e-09
5.6873e-09 0.0495927 2.54159e-08
-1.19134e-08 0.0495926 3.99227e-08
-4.72156e-08 0.0495924 -5.33608e-08
1.34435e-08 0.0495923 -2.22733e-08
-8.64702e-09 0.0495925 -8.40549e-09
-1.45661e-08 0.0495921 9.12905e-09
3.67068e-08 0.0495927 -1.4246e-08
-3.34398e-08 0.0495919 -2.62272e-08
1.17828e-08 0.0495923 -1.57085e-08
1.13002e-08 0.0495921 -3.42057e-09
-1.86083e-08 0.0495921 -2.41211e-08
5.41809e-08 0.0495921 -9.76127e-09
6.3585e-09 0.0495914 -8.32733e-09
3.19917e-08 0.049592 -2.15874e-09
9.69862e-10 0.0495926 1.9131e-08
-2.17547e-08 0.049592 4.8297e-08
6.01688e-09 0.0495919 1.03541e-08
8.27856e-08 0.049592 1.22423e-08
-1.2771e-08 0.0495924 -3.52952e-09
2.86828e-08 0.0495927 2.51935e-08
-1.63114e-08 0.0495925 5.34712e-08
-9.40638e-08 0.0495917 5.22548e-08
2.9594e-08 0.0521734 -5.00987e-08
1.11204e-08 0.0521729 -3.00344e-09
8.92322e-09 0.0521729 3.05954e-09
5.52075e-09 0.0521724 4.97905e-08
-1.26939e-07 0.0521729 -9.78361e-09
-2.33388e-08 0.0521727 -4.49371e-09
2.08545e-08 0.0521727 -1.95028e-08
1.02909e-09 0.0521727 3.42582e-09
-2.6694e-08 0.0521729 1.71655e-08
1.31854e-08 0.0521731 2.47786e-08
-1.01047e-08 0.0521719 1.30744e-08
1.51585e-08 0.0521729 2.805e-09
6.18343e-09 0.0521729 -5.63463e-09
-2.11091e-09 0.0521727 1.84961e-08
5.42937e-08 0.0521719 1.8594e-08
1.57706e-09 0.0521722 -9.95713e-09
4.57853e-08 0.0521724 -2.16721e-09
2.12356e-08 0.0521727 1.0622e-08
-1.07297e-08 0.0521727 6.26341e-09
-3.33538e-08 0.0521722 2.26758e-08
2.6601e-08 0.0521715 -2.98247e-08
6.70466e-08 0.0521729 -2.12343e-08
2.5934e-08 0.0521734 3.13877e-08
-2.93491e-08 0.0521734 -6.64633e-09
-7.50638e-08 0.0521722 8.09007e-09
0 0.05 0
0 0.05 0
0 0.05 0
0 0.05 0
0 0.05 0
0 0.05 0
0 0.05 0
0 0.05 0
0 0.05 0
0 0.05 0
0 0.05 0
0 0.05 0
0 0.05 0
0 0.05 0
0 0.05 0
0 0.05 0
0 0.05 0
0 0.05 0
0 0.05 0
0 0.05 0
0 0.05 0
0 0.05 0
0 0.05 0
0 0.05 0
0 0.05 0
